   0.0000000e+00   3.1589035e-01   1.4853330e-01   1.3133034e-01   2.6565299e-01   1.2796785e-01   1.2936816e-01   1.8697512e-01   2.1323437e-01   1.5841620e-01   2.6866520e-01   2.0997643e-01   2.1122873e-01   1.5977914e-01   1.5654420e-01   2.0827536e-01   1.7736667e-01   1.7281904e-01   2.0648297e-01   3.2187497e-01   1.7875116e-01   2.1379872e-01   1.7345791e-01   2.0320146e-01   2.5052569e-01   2.2626984e-01   3.6847868e-01   2.6039975e-01   2.2950987e-01   2.1304173e-01   3.1068233e-01   3.0313689e-01   2.0348172e-01   1.9853510e-01   2.6684198e-01   3.8684146e-01   1.8846122e-01   1.4953840e-01   2.5656855e-01   3.0236077e-01   2.3207293e-01   2.2452360e-01   3.6297809e-01   2.6555052e-01   2.9795405e-01   1.9621544e-01   2.7805296e-01   2.4931204e-01   2.0756653e-01   2.3056792e-01   1.9704294e-01   4.0015923e-01   2.1423472e-01   2.9750282e-01   3.6993068e-01   3.0688047e-01   1.8375675e-01   2.3916804e-01   1.6025266e-01   2.9357330e-01   2.9136856e-01   2.8990171e-01   2.2221941e-01   4.4407662e-01   1.6173489e-01   3.8837105e-01   4.0558348e-01   2.0695021e-01   1.4725633e-01   1.8672469e-01   3.6101019e-01   3.8474164e-01   1.3668919e-01   2.1823470e-01   4.5221150e-01   4.5120051e-01   2.7349172e-01   2.1828267e-01   1.3758760e-01   1.5573716e-01   4.4488087e-01   2.9426161e-01   2.3523167e-01   1.8044800e-01   2.5421116e-01   2.9887361e-01   2.6040287e-01   2.6299766e-01   2.3546476e-01   3.6485648e-01   2.3906678e-01   4.4114798e-01
   3.1589035e-01   0.0000000e+00   2.7423277e-01   3.2627409e-01   1.9538566e-01   3.2757941e-01   3.1351175e-01   2.9137187e-01   2.5490519e-01   3.3627451e-01   1.8400570e-01   2.9283852e-01   2.1281043e-01   2.2854293e-01   2.2975113e-01   2.0128695e-01   1.8692464e-01   2.5547902e-01   1.9867299e-01   1.5420706e-01   2.4412187e-01   1.8253795e-01   2.2011209e-01   2.0905600e-01   3.3000823e-01   2.7623102e-01   1.9358500e-01   3.4340633e-01   3.0944210e-01   3.5508604e-01   3.7155086e-01   2.9945344e-01   2.7176076e-01   2.6553591e-01   2.6102131e-01   2.2425665e-01   2.6776815e-01   2.8058051e-01   1.9598206e-01   2.8648324e-01   2.3203439e-01   2.7659852e-01   1.6031241e-01   2.3429221e-01   3.0822772e-01   2.8227950e-01   1.3489355e-01   1.5504833e-01   3.0486460e-01   2.7759118e-01   2.9566339e-01   1.6214079e-01   3.2662285e-01   1.7393152e-01   1.7039828e-01   4.4038723e-01   2.7286187e-01   1.8881146e-01   2.9890830e-01   3.0177836e-01   2.1011653e-01   2.5013673e-01   3.7413412e-01   1.9675848e-01   2.8175016e-01   1.9323560e-01   2.5642949e-01   3.1949282e-01   3.0546528e-01   2.8367513e-01   2.1005777e-01   2.5050688e-01   3.5021207e-01   3.6500730e-01   1.8946904e-01   2.4052936e-01   1.6926380e-01   2.8955298e-01   3.4930537e-01   3.2607219e-01   2.4499346e-01   2.5103988e-01   4.1169484e-01   2.9534016e-01   3.2638334e-01   2.8360823e-01   3.3755714e-01   3.0503799e-01   3.6707009e-01   2.1593458e-01   2.4464874e-01   2.0146438e-01
   1.4853330e-01   2.7423277e-01   0.0000000e+00   1.5567737e-01   2.5792023e-01   1.4588383e-01   1.9019482e-01   1.8621904e-01   1.6209413e-01   1.8117132e-01   1.9467389e-01   1.9342834e-01   1.6969119e-01   1.3999918e-01   1.3383426e-01   1.6959665e-01   1.4789968e-01   1.3022820e-01   1.3750111e-01   2.6467993e-01   1.0792592e-01   1.9025177e-01   1.3621977e-01   1.6660482e-01   2.5842700e-01   2.1603402e-01   3.0593482e-01   2.4462030e-01   1.7487131e-01   2.4015139e-01   2.8482518e-01   2.8454530e-01   2.0365167e-01   1.8593194e-01   2.3795052e-01   3.4678949e-01   1.7695728e-01   1.6507273e-01   2.0300242e-01   2.8274279e-01   1.7022928e-01   1.6327805e-01   3.1105014e-01   2.2243357e-01   2.5494135e-01   2.0489239e-01   2.3388048e-01   1.9567325e-01   1.7080047e-01   2.0481671e-01   1.9117794e-01   3.5398519e-01   1.8743008e-01   2.7394052e-01   2.9907095e-01   3.0165037e-01   1.7802654e-01   1.8108951e-01   1.7811675e-01   2.7689180e-01   2.2978561e-01   2.4911547e-01   2.4529832e-01   3.8395162e-01   1.4695349e-01   3.1681094e-01   3.7512035e-01   2.1698450e-01   1.2638615e-01   1.6607887e-01   3.1973955e-01   3.6829226e-01   1.6563973e-01   2.1407596e-01   3.9038865e-01   4.0060664e-01   2.6084515e-01   1.8622301e-01   1.7636477e-01   1.6316367e-01   3.9166442e-01   2.9860458e-01   2.2524004e-01   1.9528239e-01   2.6097465e-01   2.6140236e-01   2.5092846e-01   2.4186039e-01   2.4541236e-01   3.2234908e-01   1.8637623e-01   3.7188674e-01
   1.3133034e-01   3.2627409e-01   1.5567737e-01   0.0000000e+00   2.2534520e-01   1.2548597e-01   1.0624664e-01   2.0401486e-01   2.1367263e-01   1.1828117e-01   2.6743675e-01   2.1906530e-01   1.8621304e-01   1.6290349e-01   1.8354974e-01   1.7113284e-01   1.8289090e-01   1.4966766e-01   1.8106975e-01   2.9293993e-01   1.7536851e-01   2.2933461e-01   1.7219426e-01   1.8375462e-01   2.1937349e-01   1.8519416e-01   3.1286270e-01   2.1439758e-01   1.8239706e-01   1.7098481e-01   2.3567282e-01   2.3906430e-01   1.6954145e-01   1.7915965e-01   2.3576467e-01   3.1805692e-01   1.6026955e-01   1.5549824e-01   2.3473757e-01   2.3637419e-01   1.9403470e-01   1.7580994e-01   3.4117162e-01   2.2520045e-01   2.3406360e-01   1.4953291e-01   2.6871117e-01   2.6632574e-01   2.1614886e-01   1.7219414e-01   2.4555004e-01   3.5448228e-01   2.0444711e-01   2.6738081e-01   3.5230527e-01   2.5140038e-01   1.7306202e-01   2.5081954e-01   1.4892347e-01   2.4487137e-01   2.8108085e-01   2.3825687e-01   2.3222927e-01   4.2454128e-01   1.7708969e-01   3.7770832e-01   3.5160347e-01   1.4432994e-01   1.5121399e-01   2.0165086e-01   3.2128223e-01   3.4931151e-01   1.2299500e-01   2.1909854e-01   4.1928723e-01   4.0737215e-01   2.5648805e-01   1.8173058e-01   1.4013866e-01   1.5920796e-01   3.8867055e-01   2.8102819e-01   2.3278210e-01   1.8194601e-01   2.3171240e-01   2.4022636e-01   2.0386729e-01   2.1227283e-01   1.7415948e-01   3.3082793e-01   2.1782962e-01   4.1273264e-01
   2.6565299e-01   1.9538566e-01   2.5792023e-01   2.2534520e-01   0.0000000e+00   2.7228722e-01   2.3889636e-01   2.8947872e-01   2.5535375e-01   2.4641962e-01   2.0264256e-01   2.8061708e-01   1.7515476e-01   1.9985836e-01   2.5120397e-01   1.6225065e-01   1.9488603e-01   2.2336753e-01   1.7989014e-01   1.5777715e-01   2.2870546e-01   2.0863154e-01   1.8918876e-01   1.8993659e-01   2.3749678e-01   1.7199818e-01   1.8128961e-01   2.4475917e-01   2.0583526e-01   2.4681317e-01   2.5187365e-01   2.2386432e-01   1.9263632e-01   1.7735813e-01   2.3737908e-01   1.6243893e-01   1.9352361e-01   2.3365879e-01   1.7992481e-01   1.8299889e-01   1.7879063e-01   2.0472370e-01   1.6700042e-01   1.7784819e-01   2.3725799e-01   1.7294597e-01   1.4280852e-01   1.5848576e-01   2.7901102e-01   1.7090830e-01   3.1175570e-01   1.5878163e-01   2.8250229e-01   1.2589615e-01   2.3148987e-01   3.4250168e-01   2.0001396e-01   2.1990611e-01   2.3312551e-01   2.0995819e-01   2.1127857e-01   1.5603063e-01   3.3477354e-01   2.5876255e-01   2.8350852e-01   2.4677599e-01   2.2903628e-01   2.1679414e-01   2.8921339e-01   2.6268680e-01   2.1651979e-01   2.1032435e-01   2.9626865e-01   3.2389113e-01   2.6732322e-01   2.8956700e-01   1.5713187e-01   2.4744070e-01   2.8118067e-01   2.7386143e-01   2.7245729e-01   2.5378076e-01   3.4057324e-01   2.7323527e-01   2.4711507e-01   2.0542146e-01   2.6473107e-01   2.1305859e-01   2.7767090e-01   2.3044123e-01   2.3110957e-01   2.8124776e-01
   1.2796785e-01   3.2757941e-01   1.4588383e-01   1.2548597e-01   2.7228722e-01   0.0000000e+00   1.1510092e-01   1.9261005e-01   2.1698749e-01   1.1225635e-01   2.7341459e-01   2.0660624e-01   2.0138127e-01   1.6776680e-01   1.6042500e-01   1.9343724e-01   1.8134110e-01   1.3684226e-01   1.9914210e-01   3.1560891e-01   1.6385825e-01   2.3430835e-01   1.7126866e-01   2.1157851e-01   2.4712689e-01   2.2995067e-01   3.3200100e-01   2.5207889e-01   1.9465357e-01   2.0699009e-01   2.6656792e-01   2.8922168e-01   2.1087165e-01   1.9306919e-01   2.6162097e-01   3.6796950e-01   1.6004639e-01   1.4416301e-01   2.5608288e-01   2.7961114e-01   2.1335562e-01   1.7629589e-01   3.4959685e-01   2.4384570e-01   2.7026319e-01   1.6998640e-01   2.6359284e-01   2.6568646e-01   2.2941247e-01   1.9136081e-01   2.3032692e-01   3.9077769e-01   2.0319859e-01   2.9290970e-01   3.6995024e-01   2.8870288e-01   1.7894130e-01   2.5806234e-01   1.4888772e-01   2.5661453e-01   2.8229409e-01   2.7542709e-01   2.2347186e-01   4.3665006e-01   1.7899208e-01   3.7818885e-01   3.8634093e-01   1.6531858e-01   1.3889319e-01   2.0140629e-01   3.4684347e-01   3.9136584e-01   1.1695611e-01   2.3479288e-01   4.4283031e-01   4.3860956e-01   2.9370656e-01   2.1114472e-01   1.2518422e-01   1.2753914e-01   4.1851433e-01   3.0588534e-01   2.0858140e-01   1.9171689e-01   2.6389549e-01   2.7690077e-01   2.1575217e-01   2.5070873e-01   1.7863040e-01   3.6666362e-01   2.3250161e-01   4.4142731e-01
   1.2936816e-01   3.1351175e-01   1.9019482e-01   1.0624664e-01   2.3889636e-01   1.1510092e-01   0.0000000e+00   2.1733977e-01   2.3290345e-01   1.2512568e-01   2.9100653e-01   2.3343503e-01   1.9522539e-01   1.7399355e-01   1.8110902e-01   1.7886115e-01   1.8427687e-01   1.6795130e-01   2.0190076e-01   2.9478212e-01   2.0645856e-01   2.3464557e-01   1.8987018e-01   2.0690297e-01   2.2376456e-01   2.0440450e-01   3.0484375e-01   2.3168414e-01   2.0983298e-01   1.8809736e-01   2.3663809e-01   2.4142610e-01   1.9845612e-01   1.9736145e-01   2.5928634e-01   3.2453371e-01   1.6979814e-01   1.5975365e-01   2.5559421e-01   2.3490225e-01   2.0613858e-01   1.8991934e-01   3.3120171e-01   2.3056511e-01   2.5075174e-01   1.5510031e-01   2.6430404e-01   2.6219239e-01   2.3712073e-01   1.8034232e-01   2.5726583e-01   3.4716454e-01   2.1719329e-01   2.5582555e-01   3.6275617e-01   2.7790467e-01   1.7136452e-01   2.7057508e-01   1.4526401e-01   2.3724626e-01   2.9373240e-01   2.4487828e-01   2.3332123e-01   4.1920116e-01   2.0765220e-01   3.6469536e-01   3.4004706e-01   1.6196879e-01   1.8747673e-01   2.2402232e-01   3.2452188e-01   3.4167857e-01   1.2807907e-01   2.4643543e-01   4.0440623e-01   4.0909446e-01   2.5472883e-01   2.1209386e-01   1.3402079e-01   1.7225717e-01   3.8236272e-01   2.6149933e-01   2.3497360e-01   1.9090545e-01   2.3559287e-01   2.5071397e-01   1.9975912e-01   2.3239339e-01   1.6565615e-01   3.3359410e-01   2.2950354e-01   4.1415747e-01
   1.8697512e-01   2.9137187e-01   1.8621904e-01   2.0401486e-01   2.8947872e-01   1.9261005e-01   2.1733977e-01   0.0000000e+00   1.8393017e-01   2.5328821e-01   1.7860575e-01   1.0646156e-01   2.4998100e-01   1.8131682e-01   1.6034932e-01   2.2657461e-01   1.8070367e-01   2.0604014e-01   2.0022953e-01   2.9683223e-01   1.7981488e-01   1.9410711e-01   1.7468761e-01   1.8385694e-01   2.8035536e-01   2.6002942e-01   3.3100688e-01   2.4236732e-01   2.1740466e-01   2.8458610e-01   3.4806483e-01   3.0465895e-01   2.0194673e-01   1.7475525e-01   2.0938755e-01   3.6341887e-01   2.2077296e-01   2.0032210e-01   2.1227862e-01   3.0765529e-01   2.6539307e-01   2.2933341e-01   2.8935733e-01   2.1546140e-01   2.8819680e-01   2.7821014e-01   2.6485811e-01   2.4231864e-01   1.9795798e-01   2.7104980e-01   1.2951576e-01   3.8730570e-01   2.0170193e-01   2.6190150e-01   2.8455539e-01   3.4667131e-01   2.0029382e-01   2.0695177e-01   2.3354188e-01   2.6569456e-01   2.0628150e-01   2.9965745e-01   1.7995765e-01   3.6472475e-01   1.2802488e-01   3.1263372e-01   4.0127350e-01   2.9527184e-01   1.3332471e-01   1.2658596e-01   3.0037003e-01   3.5306212e-01   2.1823431e-01   1.8870102e-01   3.7411740e-01   3.8710021e-01   3.0146393e-01   2.3194799e-01   2.2435699e-01   2.2204226e-01   4.0542727e-01   2.9354956e-01   2.2126409e-01   1.7421850e-01   2.7831183e-01   2.7815190e-01   2.5872318e-01   2.6674487e-01   3.2112266e-01   3.2994087e-01   2.0036393e-01   3.5617074e-01
   2.1323437e-01   2.5490519e-01   1.6209413e-01   2.1367263e-01   2.5535375e-01   2.1698749e-01   2.3290345e-01   1.8393017e-01   0.0000000e+00   2.3183390e-01   1.9800348e-01   1.4646429e-01   1.7853029e-01   1.5615669e-01   1.8142061e-01   1.7936277e-01   1.6549911e-01   1.8057213e-01   1.7082824e-01   2.1644354e-01   1.7021686e-01   1.8489004e-01   1.5886753e-01   1.7055203e-01   1.7870365e-01   2.0527114e-01   2.5823139e-01   1.7630462e-01   1.5177022e-01   2.3308983e-01   2.5408405e-01   2.1801649e-01   1.7691962e-01   1.7248738e-01   1.8175386e-01   3.1537716e-01   1.9427802e-01   1.7246103e-01   1.4807051e-01   2.3934257e-01   1.6632878e-01   1.9322049e-01   2.5306145e-01   2.1332422e-01   1.7287260e-01   2.1855146e-01   2.1696213e-01   1.7611497e-01   1.3264121e-01   1.9779971e-01   1.5474151e-01   2.9388731e-01   1.3824119e-01   2.2874714e-01   2.6517196e-01   2.2424687e-01   1.4010772e-01   1.8614073e-01   2.0144853e-01   2.6474587e-01   1.5816936e-01   2.0692603e-01   2.2490660e-01   3.5007521e-01   1.6291247e-01   2.4186888e-01   3.2242574e-01   2.3329517e-01   1.7681567e-01   1.6858118e-01   2.4560025e-01   3.0069359e-01   2.4260544e-01   1.7374695e-01   3.4298598e-01   3.0250162e-01   2.4198706e-01   1.9565831e-01   2.6667392e-01   2.2544533e-01   3.4334292e-01   2.6102291e-01   2.1357668e-01   1.8946015e-01   1.8705045e-01   2.1294508e-01   2.0785676e-01   2.0695296e-01   2.8529841e-01   2.3369899e-01   1.8487953e-01   3.3680925e-01
   1.5841620e-01   3.3627451e-01   1.8117132e-01   1.1828117e-01   2.4641962e-01   1.1225635e-01   1.2512568e-01   2.5328821e-01   2.3183390e-01   0.0000000e+00   3.0734779e-01   2.5539212e-01   1.8530596e-01   1.8747779e-01   1.9304837e-01   1.6893448e-01   1.9497657e-01   1.4103253e-01   2.0395893e-01   2.9872242e-01   1.8791912e-01   2.5311857e-01   1.8974887e-01   2.1543149e-01   2.2769819e-01   2.0047558e-01   3.0210354e-01   2.3633875e-01   1.8351256e-01   1.8765825e-01   2.3223892e-01   2.5688452e-01   1.9200370e-01   2.0244276e-01   2.4835449e-01   3.2218003e-01   1.5311548e-01   1.5624244e-01   2.5431338e-01   2.3729939e-01   1.9840566e-01   1.8080434e-01   3.4961736e-01   2.4341399e-01   2.3670123e-01   1.3693348e-01   2.7901156e-01   2.7407987e-01   2.2731028e-01   1.6050379e-01   2.7567775e-01   3.6194253e-01   2.1154669e-01   2.8013703e-01   3.7796362e-01   2.5416760e-01   1.8406338e-01   2.7376630e-01   1.3875180e-01   2.3346005e-01   2.9933266e-01   2.3642641e-01   2.4669256e-01   4.4253002e-01   2.2215213e-01   3.7370853e-01   3.5458396e-01   1.3562442e-01   1.9044501e-01   2.2492255e-01   3.3087523e-01   3.5953773e-01   1.2680901e-01   2.6140226e-01   4.3945135e-01   4.1356532e-01   2.7619896e-01   2.0045543e-01   1.3620600e-01   1.7207924e-01   3.9789796e-01   3.0070865e-01   2.2195639e-01   2.1256104e-01   2.2652732e-01   2.4614190e-01   2.1786759e-01   2.1986241e-01   1.5162475e-01   3.3161756e-01   2.4651795e-01   4.4090709e-01
   2.6866520e-01   1.8400570e-01   1.9467389e-01   2.6743675e-01   2.0264256e-01   2.7341459e-01   2.9100653e-01   1.7860575e-01   1.9800348e-01   3.0734779e-01   0.0000000e+00   2.0047635e-01   2.1634305e-01   1.7861646e-01   1.7253563e-01   2.1754688e-01   1.8183637e-01   2.2403757e-01   1.7565633e-01   2.0211964e-01   1.5838438e-01   1.7384313e-01   1.7375476e-01   1.7262093e-01   3.2375512e-01   2.6196107e-01   2.3435144e-01   2.9623754e-01   2.5164302e-01   3.1942761e-01   3.6340993e-01   2.9863403e-01   2.2246414e-01   2.0365164e-01   2.1646141e-01   2.7728689e-01   2.4013511e-01   2.5559926e-01   1.5308189e-01   3.0045907e-01   2.6053296e-01   2.4175955e-01   1.9250517e-01   2.1522855e-01   2.9398087e-01   2.8840647e-01   1.6861634e-01   1.6404948e-01   2.2761183e-01   2.8303626e-01   1.8925359e-01   2.6372077e-01   2.5732737e-01   2.1193823e-01   1.6861488e-01   4.0039742e-01   2.2481279e-01   1.5890687e-01   2.6902725e-01   3.0093983e-01   1.5477573e-01   2.4684612e-01   2.8398642e-01   2.3362910e-01   1.8905321e-01   2.2991647e-01   2.9098073e-01   3.1385141e-01   2.1954776e-01   1.9046866e-01   2.1062284e-01   2.6192665e-01   3.0170320e-01   2.7241524e-01   2.4543919e-01   2.9051688e-01   1.9725810e-01   2.4684757e-01   2.9154720e-01   2.8706492e-01   3.0339780e-01   2.6476325e-01   3.2266538e-01   2.2397965e-01   2.9409079e-01   2.7623707e-01   3.0700363e-01   2.8754756e-01   3.6797077e-01   2.4402463e-01   1.8746752e-01   2.1665293e-01
   2.0997643e-01   2.9283852e-01   1.9342834e-01   2.1906530e-01   2.8061708e-01   2.0660624e-01   2.3343503e-01   1.0646156e-01   1.4646429e-01   2.5539212e-01   2.0047635e-01   0.0000000e+00   2.3524504e-01   1.8415255e-01   1.7954983e-01   2.1404069e-01   1.7772549e-01   2.0810612e-01   2.0577328e-01   2.7624619e-01   1.9396096e-01   2.1044841e-01   1.7821648e-01   1.8935502e-01   2.2793213e-01   2.3350360e-01   2.9523244e-01   1.9738113e-01   1.8172561e-01   2.5561263e-01   3.0975613e-01   2.7191554e-01   1.9320125e-01   1.5922591e-01   1.9915282e-01   3.4307439e-01   2.0740119e-01   1.8515041e-01   1.9347249e-01   2.7329519e-01   2.3866730e-01   2.1486674e-01   2.6562409e-01   2.0903470e-01   2.2619579e-01   2.6905911e-01   2.4939234e-01   2.3500108e-01   1.4988463e-01   2.4838075e-01   1.1756069e-01   3.5362024e-01   1.4250126e-01   2.4762346e-01   2.8034812e-01   2.8309496e-01   1.7160555e-01   2.1267077e-01   2.1722939e-01   2.4910027e-01   1.8260242e-01   2.6828878e-01   1.9090331e-01   3.5337831e-01   1.6081403e-01   2.7922469e-01   3.7262846e-01   2.7849581e-01   1.7384631e-01   1.4480861e-01   2.8701016e-01   3.3508029e-01   2.4387734e-01   1.6227447e-01   3.6967309e-01   3.4633306e-01   3.1525301e-01   2.2199550e-01   2.4246856e-01   2.3741674e-01   3.8234275e-01   2.9532838e-01   1.8227591e-01   1.9164686e-01   2.3525900e-01   2.3981693e-01   2.3283223e-01   2.3093752e-01   3.1772063e-01   3.0451201e-01   2.0714284e-01   3.6812957e-01
   2.1122873e-01   2.1281043e-01   1.6969119e-01   1.8621304e-01   1.7515476e-01   2.0138127e-01   1.9522539e-01   2.4998100e-01   1.7853029e-01   1.8530596e-01   2.1634305e-01   2.3524504e-01   0.0000000e+00   1.0941060e-01   1.5760343e-01   9.8220888e-02   1.4290417e-01   1.1459378e-01   1.3022943e-01   1.6970686e-01   1.3830028e-01   1.6299591e-01   1.2092224e-01   1.2888284e-01   2.0677753e-01   1.8521255e-01   2.1170302e-01   2.0702568e-01   1.8113774e-01   2.2278045e-01   2.2453052e-01   2.1800151e-01   1.7200553e-01   1.7280798e-01   1.8266901e-01   2.5489662e-01   1.5400932e-01   1.7557848e-01   1.5181735e-01   1.7380117e-01   1.1589244e-01   1.7189814e-01   2.2223299e-01   1.6376694e-01   1.9222129e-01   1.1797146e-01   1.6712493e-01   1.3064611e-01   2.1057674e-01   1.1868686e-01   2.5356487e-01   2.2846595e-01   2.3277949e-01   1.7194847e-01   2.4531269e-01   2.8959153e-01   1.6171401e-01   1.7825917e-01   1.7404378e-01   2.1291040e-01   2.3267481e-01   1.4819982e-01   2.9414697e-01   2.9086633e-01   2.2156553e-01   2.5617615e-01   3.0145320e-01   1.6278807e-01   2.1519754e-01   2.2299663e-01   2.6181137e-01   2.6660300e-01   2.1941751e-01   2.9286512e-01   2.8986598e-01   2.9060269e-01   1.7452019e-01   1.8420178e-01   2.3403485e-01   2.2631593e-01   2.9031256e-01   2.3482117e-01   2.8928265e-01   2.0569992e-01   2.1101376e-01   2.0658416e-01   2.2055738e-01   1.8742782e-01   2.1696378e-01   2.5550855e-01   1.7492084e-01   2.9284627e-01
   1.5977914e-01   2.2854293e-01   1.3999918e-01   1.6290349e-01   1.9985836e-01   1.6776680e-01   1.7399355e-01   1.8131682e-01   1.5615669e-01   1.8747779e-01   1.7861646e-01   1.8415255e-01   1.0941060e-01   0.0000000e+00   1.1549547e-01   1.2016463e-01   1.0439008e-01   1.0701159e-01   1.0413729e-01   1.8983208e-01   1.1702635e-01   1.1721968e-01   1.0018620e-01   1.0777964e-01   2.1044113e-01   1.6364278e-01   2.5050717e-01   1.9189872e-01   1.7784341e-01   1.8899323e-01   2.4786384e-01   2.1572803e-01   1.4495515e-01   1.3319811e-01   1.7105905e-01   2.6724890e-01   1.3579657e-01   1.5148727e-01   1.6922436e-01   1.9359058e-01   1.4947305e-01   1.4624658e-01   2.4325250e-01   1.6002843e-01   2.0440354e-01   1.5619202e-01   1.7525791e-01   1.6363413e-01   1.9885456e-01   1.6076558e-01   2.1766777e-01   2.7364006e-01   1.9420921e-01   1.8950973e-01   2.4693312e-01   2.7326445e-01   1.3640729e-01   1.9437621e-01   1.8628327e-01   2.1386617e-01   2.0121054e-01   1.7682824e-01   2.3878579e-01   3.0865111e-01   1.6436460e-01   2.6030880e-01   2.9755182e-01   1.8611058e-01   1.6484834e-01   1.8715549e-01   2.4375049e-01   2.6488648e-01   2.0200649e-01   2.1480336e-01   3.0134983e-01   3.1332051e-01   1.8716056e-01   1.8985830e-01   1.9586589e-01   1.8707173e-01   3.0165042e-01   1.9909215e-01   2.6016066e-01   1.3044123e-01   2.0414904e-01   1.9481222e-01   2.0073693e-01   1.9171675e-01   2.1997100e-01   2.5353560e-01   1.4087016e-01   3.1244317e-01
   1.5654420e-01   2.2975113e-01   1.3383426e-01   1.8354974e-01   2.5120397e-01   1.6042500e-01   1.8110902e-01   1.6034932e-01   1.8142061e-01   1.9304837e-01   1.7253563e-01   1.7954983e-01   1.5760343e-01   1.1549547e-01   0.0000000e+00   1.4992663e-01   1.3128426e-01   1.3458998e-01   1.3633806e-01   2.5024925e-01   1.2723243e-01   1.3873143e-01   1.3597761e-01   1.3387145e-01   2.3654016e-01   2.1554271e-01   2.9707044e-01   2.4655838e-01   2.0837066e-01   2.2732917e-01   2.9672666e-01   2.6312831e-01   2.0182045e-01   1.8034456e-01   2.2958278e-01   3.0309307e-01   1.5871223e-01   1.6088428e-01   2.1373969e-01   2.7261046e-01   2.1624785e-01   1.8127003e-01   2.6591302e-01   1.8988572e-01   2.6827857e-01   2.1126842e-01   1.9953240e-01   2.0304838e-01   1.9390430e-01   2.0908158e-01   1.8085742e-01   3.2454549e-01   1.9074351e-01   2.2752239e-01   2.7236812e-01   3.2152205e-01   1.7978061e-01   1.9529839e-01   1.8757989e-01   2.5783791e-01   2.1802235e-01   2.5100087e-01   2.5009563e-01   3.3280688e-01   1.5837411e-01   2.9213036e-01   3.3304267e-01   2.2729377e-01   1.5910745e-01   1.7201835e-01   2.7660677e-01   3.0414201e-01   1.8683926e-01   2.1496944e-01   3.3433552e-01   3.5553176e-01   2.1614055e-01   1.9106627e-01   1.7544794e-01   1.8388201e-01   3.4479991e-01   2.2072693e-01   2.4772564e-01   1.4023910e-01   2.6450157e-01   2.6006758e-01   2.5797766e-01   2.4349754e-01   2.4090052e-01   3.0418067e-01   1.5121396e-01   3.2873671e-01
   2.0827536e-01   2.0128695e-01   1.6959665e-01   1.7113284e-01   1.6225065e-01   1.9343724e-01   1.7886115e-01   2.2657461e-01   1.7936277e-01   1.6893448e-01   2.1754688e-01   2.1404069e-01   9.8220888e-02   1.2016463e-01   1.4992663e-01   0.0000000e+00   1.0469659e-01   1.1548630e-01   1.0127855e-01   1.3987642e-01   1.4518374e-01   1.4441198e-01   1.2747562e-01   1.0792756e-01   1.8666038e-01   1.4426867e-01   2.0192356e-01   1.9062640e-01   1.6982528e-01   1.8691362e-01   2.0470244e-01   1.8646588e-01   1.6109508e-01   1.5348741e-01   1.7442022e-01   2.0667017e-01   1.1929216e-01   1.5448168e-01   1.5813485e-01   1.4729500e-01   1.2325873e-01   1.5153863e-01   2.1180705e-01   1.2667358e-01   1.7401791e-01   1.2617449e-01   1.7189953e-01   1.4548901e-01   2.0409906e-01   1.1511491e-01   2.5262561e-01   2.1364175e-01   2.0261853e-01   1.5808572e-01   2.6167209e-01   2.6645605e-01   1.4980813e-01   2.0433061e-01   1.7295457e-01   1.7083700e-01   2.1188591e-01   1.4644290e-01   2.7255672e-01   2.9141743e-01   2.1178591e-01   2.5011918e-01   2.6430843e-01   1.5708057e-01   2.0657535e-01   1.9776688e-01   2.3657746e-01   2.4619804e-01   2.1680949e-01   2.5218245e-01   2.7907695e-01   2.9340691e-01   1.8399330e-01   1.6909871e-01   2.2637686e-01   2.0884945e-01   2.7587102e-01   2.0033328e-01   2.7716178e-01   1.8164522e-01   1.9806921e-01   1.6697705e-01   2.0704584e-01   1.6532189e-01   1.9117142e-01   2.4305748e-01   1.6525869e-01   3.1824405e-01
   1.7736667e-01   1.8692464e-01   1.4789968e-01   1.8289090e-01   1.9488603e-01   1.8134110e-01   1.8427687e-01   1.8070367e-01   1.6549911e-01   1.9497657e-01   1.8183637e-01   1.7772549e-01   1.4290417e-01   1.0439008e-01   1.3128426e-01   1.0469659e-01   0.0000000e+00   1.2105830e-01   1.0686128e-01   1.6961379e-01   1.2369431e-01   1.2794591e-01   1.1015922e-01   1.3045647e-01   2.2623879e-01   1.7121738e-01   2.2336932e-01   2.2087873e-01   1.8234888e-01   2.0157340e-01   2.5273876e-01   2.2321493e-01   1.7062034e-01   1.4440184e-01   1.8140602e-01   2.4882926e-01   1.4260210e-01   1.5839566e-01   1.5940941e-01   1.8461224e-01   1.5529047e-01   1.5357361e-01   2.2420080e-01   1.5784835e-01   2.0901050e-01   1.6969798e-01   1.6676525e-01   1.6293406e-01   2.0939241e-01   1.5960374e-01   2.1749318e-01   2.3717974e-01   2.0274040e-01   1.8642538e-01   2.4714177e-01   2.9158812e-01   1.6470940e-01   1.8278712e-01   1.9082684e-01   1.9459508e-01   2.0285594e-01   1.7675705e-01   2.3364858e-01   3.0131133e-01   1.6044632e-01   2.5012868e-01   2.8012158e-01   1.8648372e-01   1.6325092e-01   1.8665621e-01   2.4355093e-01   2.7620390e-01   2.0839742e-01   2.2614845e-01   2.9017513e-01   3.0610342e-01   1.9495561e-01   1.9653890e-01   2.0888410e-01   1.8929338e-01   2.9981122e-01   2.0884690e-01   2.6419684e-01   1.5984630e-01   2.1503084e-01   1.8873213e-01   2.0224888e-01   1.9984314e-01   2.1212053e-01   2.5701287e-01   1.5520572e-01   3.0984794e-01
   1.7281904e-01   2.5547902e-01   1.3022820e-01   1.4966766e-01   2.2336753e-01   1.3684226e-01   1.6795130e-01   2.0604014e-01   1.8057213e-01   1.4103253e-01   2.2403757e-01   2.0810612e-01   1.1459378e-01   1.0701159e-01   1.3458998e-01   1.1548630e-01   1.2105830e-01   0.0000000e+00   1.1312336e-01   2.1742812e-01   1.0671907e-01   1.6757929e-01   1.0284542e-01   1.3922385e-01   2.2630696e-01   2.0228513e-01   2.5463998e-01   2.0905133e-01   1.7315168e-01   1.8674893e-01   2.2140339e-01   2.3142105e-01   1.9136243e-01   1.7820425e-01   2.1742193e-01   2.7951023e-01   1.3528880e-01   1.4889142e-01   1.9754454e-01   2.0850637e-01   1.6311471e-01   1.6238918e-01   2.8747730e-01   1.8191560e-01   2.1860121e-01   1.3386943e-01   2.1598399e-01   1.9807958e-01   2.0059270e-01   1.4713546e-01   2.3456145e-01   3.0127420e-01   2.0238055e-01   2.3464856e-01   2.9478882e-01   2.7036449e-01   1.6288121e-01   1.9939644e-01   1.6581560e-01   2.1477956e-01   2.3887289e-01   1.8820246e-01   2.4180914e-01   3.6831323e-01   1.8778320e-01   2.9903026e-01   3.0711768e-01   1.5300037e-01   1.6798713e-01   1.8188984e-01   2.8155203e-01   3.1405875e-01   1.6075649e-01   2.3318452e-01   3.4078776e-01   3.5571584e-01   2.2925922e-01   1.7407804e-01   1.9007787e-01   1.7314689e-01   3.2786975e-01   2.3283368e-01   2.4462764e-01   1.6444084e-01   2.2948280e-01   2.0665783e-01   2.0517167e-01   2.0378427e-01   1.7419793e-01   2.7730952e-01   1.7767055e-01   3.5912827e-01
   2.0648297e-01   1.9867299e-01   1.3750111e-01   1.8106975e-01   1.7989014e-01   1.9914210e-01   2.0190076e-01   2.0022953e-01   1.7082824e-01   2.0395893e-01   1.7565633e-01   2.0577328e-01   1.3022943e-01   1.0413729e-01   1.3633806e-01   1.0127855e-01   1.0686128e-01   1.1312336e-01   0.0000000e+00   1.5580424e-01   9.8888269e-02   1.0497257e-01   1.1353075e-01   8.9752760e-02   2.2933752e-01   1.7043806e-01   2.1760686e-01   2.1193188e-01   1.8871440e-01   2.2129444e-01   2.6245653e-01   2.2713500e-01   1.7506318e-01   1.4484773e-01   2.0867262e-01   2.3472940e-01   1.4941917e-01   1.6607871e-01   1.5797231e-01   2.0212434e-01   1.5645981e-01   1.5505121e-01   2.1159897e-01   1.5895869e-01   2.1885390e-01   1.8045637e-01   1.5741074e-01   1.4211256e-01   2.1035676e-01   1.7024029e-01   2.4330677e-01   2.4059583e-01   2.0561489e-01   1.7620654e-01   2.2695885e-01   2.9966873e-01   1.6180603e-01   1.8100843e-01   2.0997935e-01   2.2383521e-01   1.8055295e-01   1.7043060e-01   2.6546593e-01   2.7841351e-01   1.8319221e-01   2.3696407e-01   2.7500619e-01   2.0498297e-01   1.9227392e-01   2.0101105e-01   2.3295495e-01   2.5084131e-01   2.2167917e-01   2.3148210e-01   2.6672116e-01   2.9207278e-01   1.8075695e-01   2.0153724e-01   2.2368593e-01   2.1101188e-01   2.7710637e-01   1.8758251e-01   2.7143390e-01   1.6246826e-01   2.2865680e-01   1.7779530e-01   2.2307477e-01   2.1361972e-01   2.2841125e-01   2.5339050e-01   1.5127115e-01   2.8398379e-01
   3.2187497e-01   1.5420706e-01   2.6467993e-01   2.9293993e-01   1.5777715e-01   3.1560891e-01   2.9478212e-01   2.9683223e-01   2.1644354e-01   2.9872242e-01   2.0211964e-01   2.7624619e-01   1.6970686e-01   1.8983208e-01   2.5024925e-01   1.3987642e-01   1.6961379e-01   2.1742812e-01   1.5580424e-01   0.0000000e+00   2.2352567e-01   1.7289847e-01   1.9393055e-01   1.7841394e-01   2.4983828e-01   2.1720562e-01   1.6268975e-01   2.5534796e-01   2.5322148e-01   2.7280323e-01   2.8191294e-01   2.2127065e-01   2.2748772e-01   2.2936686e-01   2.2529625e-01   1.8538336e-01   2.1596613e-01   2.3549112e-01   1.7378915e-01   2.0556438e-01   1.7366879e-01   2.3105849e-01   1.7190228e-01   1.8841673e-01   2.0285299e-01   2.3294698e-01   1.7054419e-01   1.2782944e-01   2.6502026e-01   2.0822440e-01   3.0526062e-01   1.5368356e-01   2.6960910e-01   1.6778256e-01   2.2113869e-01   3.3408884e-01   2.2418559e-01   2.0676717e-01   2.7831909e-01   2.4255781e-01   1.8461820e-01   1.7512567e-01   3.3865859e-01   2.3455933e-01   2.8429329e-01   1.8806959e-01   2.1383815e-01   2.7217173e-01   3.0148437e-01   2.8080595e-01   1.9629877e-01   2.0662275e-01   3.3159184e-01   3.0998254e-01   2.0658046e-01   2.1838915e-01   1.6797557e-01   2.5192739e-01   3.5677804e-01   3.2467575e-01   2.0759711e-01   1.9949727e-01   3.5898707e-01   2.5955389e-01   2.4631546e-01   1.9884752e-01   2.7474492e-01   2.3572602e-01   3.0297791e-01   1.9622549e-01   2.0826520e-01   2.3586447e-01
   1.7875116e-01   2.4412187e-01   1.0792592e-01   1.7536851e-01   2.2870546e-01   1.6385825e-01   2.0645856e-01   1.7981488e-01   1.7021686e-01   1.8791912e-01   1.5838438e-01   1.9396096e-01   1.3830028e-01   1.1702635e-01   1.2723243e-01   1.4518374e-01   1.2369431e-01   1.0671907e-01   9.8888269e-02   2.2352567e-01   0.0000000e+00   1.5047863e-01   1.0305755e-01   1.3080842e-01   2.6821874e-01   2.1633725e-01   2.6161902e-01   2.4084189e-01   1.9371962e-01   2.3290130e-01   2.8609658e-01   2.6539958e-01   1.8872342e-01   1.6322126e-01   2.1765192e-01   3.0154338e-01   1.5801172e-01   1.6610442e-01   1.7183376e-01   2.6370916e-01   1.8640993e-01   1.7969922e-01   2.7141238e-01   1.9714193e-01   2.5003378e-01   1.9132298e-01   1.9495352e-01   1.7648854e-01   1.9529653e-01   1.8823095e-01   2.0462520e-01   3.2176356e-01   2.0121937e-01   2.3553921e-01   2.5814621e-01   3.1783207e-01   1.7998365e-01   1.6004084e-01   1.8911076e-01   2.5512724e-01   2.0004477e-01   2.1078900e-01   2.3502029e-01   3.3765245e-01   1.6121541e-01   2.9199637e-01   3.2769262e-01   2.1449526e-01   1.4812489e-01   1.6708172e-01   2.7360831e-01   3.2700908e-01   1.8976194e-01   2.2820744e-01   3.3835031e-01   3.5949608e-01   2.2162796e-01   1.8643291e-01   1.9072712e-01   1.9630123e-01   3.4349706e-01   2.4793205e-01   2.4501251e-01   1.6773177e-01   2.5383353e-01   2.3015667e-01   2.4655774e-01   2.4117603e-01   2.5081891e-01   2.9348234e-01   1.7097196e-01   3.2563957e-01
   2.1379872e-01   1.8253795e-01   1.9025177e-01   2.2933461e-01   2.0863154e-01   2.3430835e-01   2.3464557e-01   1.9410711e-01   1.8489004e-01   2.5311857e-01   1.7384313e-01   2.1044841e-01   1.6299591e-01   1.1721968e-01   1.3873143e-01   1.4441198e-01   1.2794591e-01   1.6757929e-01   1.0497257e-01   1.7289847e-01   1.5047863e-01   0.0000000e+00   1.3632169e-01   1.0723728e-01   2.3291074e-01   1.8692076e-01   2.4310121e-01   2.4225089e-01   2.3303275e-01   2.6682185e-01   3.1021187e-01   2.3983623e-01   1.8910284e-01   1.5829095e-01   2.1924128e-01   2.6078563e-01   1.8117301e-01   1.7806870e-01   1.6682045e-01   2.3030133e-01   1.9630968e-01   1.8851626e-01   1.9707005e-01   1.9112742e-01   2.4173064e-01   2.3205573e-01   1.6392201e-01   1.5292420e-01   2.3449592e-01   2.1959917e-01   2.3349220e-01   2.4411813e-01   2.3350656e-01   1.7685251e-01   2.0484507e-01   3.4123631e-01   1.8782335e-01   1.8618732e-01   2.3749835e-01   2.7167922e-01   1.9543630e-01   2.0758820e-01   2.9070778e-01   2.3242869e-01   1.8005741e-01   2.2464967e-01   2.9604059e-01   2.7570960e-01   2.1227109e-01   2.3369333e-01   2.3660610e-01   2.2624107e-01   2.7007911e-01   2.4252134e-01   2.4756962e-01   2.6671770e-01   1.9403005e-01   2.4441050e-01   2.5391686e-01   2.3502497e-01   2.7352598e-01   1.7774290e-01   3.1610710e-01   1.7218150e-01   2.5057774e-01   2.2255234e-01   2.6846863e-01   2.4309142e-01   3.0522811e-01   2.6248920e-01   1.4358478e-01   2.5179516e-01
   1.7345791e-01   2.2011209e-01   1.3621977e-01   1.7219426e-01   1.8918876e-01   1.7126866e-01   1.8987018e-01   1.7468761e-01   1.5886753e-01   1.8974887e-01   1.7375476e-01   1.7821648e-01   1.2092224e-01   1.0018620e-01   1.3597761e-01   1.2747562e-01   1.1015922e-01   1.0284542e-01   1.1353075e-01   1.9393055e-01   1.0305755e-01   1.3632169e-01   0.0000000e+00   1.2329171e-01   2.3993485e-01   1.8921966e-01   2.3860049e-01   2.1157448e-01   1.7568482e-01   2.1706886e-01   2.6259372e-01   2.4217528e-01   1.7179027e-01   1.4139730e-01   1.9848552e-01   2.7492159e-01   1.4885308e-01   1.6238740e-01   1.5677989e-01   2.0305776e-01   1.5847984e-01   1.7992575e-01   2.4846483e-01   1.7924573e-01   2.2562076e-01   1.6391618e-01   1.8339367e-01   1.4928086e-01   1.8185990e-01   1.5987705e-01   1.9368902e-01   2.7612253e-01   2.0202910e-01   2.0718925e-01   2.6078815e-01   3.0180040e-01   1.5304893e-01   1.4800664e-01   1.6949064e-01   2.1306078e-01   1.9888853e-01   1.8637725e-01   2.3133897e-01   3.2072230e-01   1.6411375e-01   2.6457256e-01   3.1085387e-01   2.0055481e-01   1.6901755e-01   1.5588529e-01   2.6379650e-01   3.0745118e-01   1.9060203e-01   2.2694841e-01   3.1412731e-01   3.3505759e-01   2.1885708e-01   1.8335605e-01   2.1612937e-01   1.9914580e-01   3.2892745e-01   2.5177539e-01   2.5727455e-01   1.8406932e-01   2.1718617e-01   1.9671084e-01   2.2745437e-01   2.1277154e-01   2.4445038e-01   2.6413520e-01   1.7911474e-01   3.1856002e-01
   2.0320146e-01   2.0905600e-01   1.6660482e-01   1.8375462e-01   1.8993659e-01   2.1157851e-01   2.0690297e-01   1.8385694e-01   1.7055203e-01   2.1543149e-01   1.7262093e-01   1.8935502e-01   1.2888284e-01   1.0777964e-01   1.3387145e-01   1.0792756e-01   1.3045647e-01   1.3922385e-01   8.9752760e-02   1.7841394e-01   1.3080842e-01   1.0723728e-01   1.2329171e-01   0.0000000e+00   2.1495247e-01   1.5254648e-01   2.3218821e-01   1.9180741e-01   2.0143600e-01   2.0964438e-01   2.7524160e-01   2.0878142e-01   1.5598557e-01   1.2265342e-01   1.9972961e-01   2.4011529e-01   1.3256532e-01   1.5221749e-01   1.5259163e-01   2.0574486e-01   1.7753082e-01   1.6354088e-01   1.9697858e-01   1.4859430e-01   2.1457500e-01   1.8407812e-01   1.7072360e-01   1.5115556e-01   1.9979365e-01   1.8085811e-01   2.1592956e-01   2.4796350e-01   1.9745618e-01   1.6597388e-01   2.1161965e-01   3.0445712e-01   1.5274788e-01   1.7766945e-01   2.0619510e-01   2.2669938e-01   1.9626709e-01   1.8913060e-01   2.7181214e-01   2.5105378e-01   1.7669482e-01   2.4303181e-01   2.8722879e-01   2.2616590e-01   1.9597973e-01   1.9950972e-01   2.3257979e-01   2.3339925e-01   2.4291481e-01   2.2581484e-01   2.5747126e-01   2.9205803e-01   2.0047052e-01   2.1842991e-01   2.2723754e-01   2.1930783e-01   2.8208376e-01   1.9040381e-01   2.8471786e-01   1.5642761e-01   2.1769657e-01   2.0581626e-01   2.4833086e-01   2.0189000e-01   2.6324760e-01   2.7163588e-01   1.3872390e-01   2.7145159e-01
   2.5052569e-01   3.3000823e-01   2.5842700e-01   2.1937349e-01   2.3749678e-01   2.4712689e-01   2.2376456e-01   2.8035536e-01   1.7870365e-01   2.2769819e-01   3.2375512e-01   2.2793213e-01   2.0677753e-01   2.1044113e-01   2.3654016e-01   1.8666038e-01   2.2623879e-01   2.2630696e-01   2.2933752e-01   2.4983828e-01   2.6821874e-01   2.3291074e-01   2.3993485e-01   2.1495247e-01   0.0000000e+00   1.7879426e-01   2.4742617e-01   1.3222631e-01   1.6214903e-01   2.2301502e-01   1.7625122e-01   1.7050965e-01   1.8612693e-01   1.9360718e-01   2.1154199e-01   2.6947769e-01   2.0268384e-01   1.8987932e-01   2.1076615e-01   1.8559307e-01   1.6966975e-01   1.8844692e-01   2.8782191e-01   2.2393019e-01   1.3174280e-01   1.8992845e-01   2.7334589e-01   2.4196523e-01   1.9509472e-01   1.5977129e-01   2.4601426e-01   2.8284739e-01   1.6454056e-01   2.2708247e-01   3.4092405e-01   1.7365128e-01   1.6175397e-01   2.9211239e-01   2.3225837e-01   2.2548078e-01   2.4984687e-01   1.9154360e-01   2.9973292e-01   3.8087969e-01   2.5473061e-01   2.9943810e-01   3.0310609e-01   2.1320029e-01   2.6243755e-01   2.5981109e-01   2.7286094e-01   2.5140671e-01   2.6926040e-01   2.1757066e-01   3.6654640e-01   3.2617557e-01   2.5445250e-01   2.3140638e-01   2.9189712e-01   2.5547862e-01   3.4688855e-01   2.5339845e-01   2.3268198e-01   2.2809284e-01   1.9643814e-01   2.1228637e-01   1.9555534e-01   1.6833216e-01   2.4259995e-01   2.6669315e-01   2.2973411e-01   4.0232662e-01
   2.2626984e-01   2.7623102e-01   2.1603402e-01   1.8519416e-01   1.7199818e-01   2.2995067e-01   2.0440450e-01   2.6002942e-01   2.0527114e-01   2.0047558e-01   2.6196107e-01   2.3350360e-01   1.8521255e-01   1.6364278e-01   2.1554271e-01   1.4426867e-01   1.7121738e-01   2.0228513e-01   1.7043806e-01   2.1720562e-01   2.1633725e-01   1.8692076e-01   1.8921966e-01   1.5254648e-01   1.7879426e-01   0.0000000e+00   2.2455258e-01   1.7903524e-01   1.6369278e-01   1.6428408e-01   2.2445092e-01   1.8876317e-01   1.0592692e-01   1.2761098e-01   1.8227850e-01   1.9990190e-01   1.2784656e-01   1.6126908e-01   1.9590857e-01   1.5233530e-01   1.5959643e-01   1.6298753e-01   2.2555133e-01   1.5006100e-01   1.8623335e-01   1.6767151e-01   1.9950016e-01   1.9970112e-01   2.2992032e-01   1.5126221e-01   2.9332618e-01   2.2451651e-01   2.2460162e-01   1.6714308e-01   2.8631679e-01   2.1792930e-01   1.4267349e-01   2.5710106e-01   1.9808449e-01   1.9299876e-01   2.2196107e-01   1.6352710e-01   2.9666386e-01   3.1192019e-01   2.4358934e-01   2.6112732e-01   2.6481583e-01   1.8066337e-01   2.6797658e-01   2.4585295e-01   2.2382308e-01   2.3138866e-01   2.5104403e-01   2.5296300e-01   3.1781806e-01   2.8431413e-01   2.2833849e-01   2.2876352e-01   2.1223543e-01   2.4958968e-01   2.8393703e-01   2.4269720e-01   2.8195059e-01   2.0361394e-01   1.7436248e-01   1.5941984e-01   2.1094557e-01   1.7301132e-01   2.1163479e-01   2.5849713e-01   1.8275263e-01   3.4592175e-01
   3.6847868e-01   1.9358500e-01   3.0593482e-01   3.1286270e-01   1.8128961e-01   3.3200100e-01   3.0484375e-01   3.3100688e-01   2.5823139e-01   3.0210354e-01   2.3435144e-01   2.9523244e-01   2.1170302e-01   2.5050717e-01   2.9707044e-01   2.0192356e-01   2.2336932e-01   2.5463998e-01   2.1760686e-01   1.6268975e-01   2.6161902e-01   2.4310121e-01   2.3860049e-01   2.3218821e-01   2.4742617e-01   2.2455258e-01   0.0000000e+00   2.4861387e-01   2.2209139e-01   3.0465524e-01   2.3741150e-01   2.3063070e-01   2.3439320e-01   2.3672783e-01   2.1469381e-01   1.6540772e-01   2.4583040e-01   2.7711791e-01   1.7272995e-01   1.9223474e-01   1.9872393e-01   2.2664713e-01   1.6033491e-01   2.0334545e-01   2.0809769e-01   2.1799885e-01   1.7538840e-01   1.8626360e-01   2.9005462e-01   1.9397273e-01   3.3396644e-01   1.5261020e-01   2.9124577e-01   1.5738013e-01   2.2412335e-01   3.0937681e-01   2.3943663e-01   2.3226175e-01   2.9863252e-01   2.2287608e-01   2.0127186e-01   1.5653551e-01   3.8332937e-01   2.3498159e-01   3.2650492e-01   1.9467394e-01   1.9103230e-01   2.6248148e-01   3.4152708e-01   3.0885879e-01   1.6593198e-01   1.9864929e-01   3.5186105e-01   3.5425985e-01   2.1497709e-01   2.1633131e-01   2.0125067e-01   2.9402947e-01   3.5880590e-01   3.5814710e-01   2.1821766e-01   2.6101386e-01   3.7754776e-01   3.0240259e-01   2.6237274e-01   1.8871850e-01   2.5219661e-01   2.3805072e-01   3.0584514e-01   1.7995807e-01   2.4623839e-01   2.6587202e-01
