   0.0000000e+00   7.4849916e+00   5.7181501e+00   6.9934511e+00   7.0001140e+00   6.2094641e+00   6.1985998e+00   6.0786190e+00   6.9438000e+00   7.0832977e+00   5.4142294e+00   5.5237350e+00   6.7488704e+00   6.5865860e+00   7.1584682e+00   7.1789789e+00   7.5595007e+00   6.7357507e+00   6.9847050e+00   6.6192007e+00   6.9254770e+00   6.4557085e+00   6.2898946e+00   7.0793357e+00   6.7933869e+00   6.5127716e+00   6.5580792e+00   7.6381507e+00   6.2420864e+00   6.9340448e+00   6.5626149e+00   6.4835711e+00   5.9555893e+00   6.4928498e+00   6.1658883e+00   6.4631424e+00   6.4111156e+00   6.7583375e+00   7.0114207e+00   7.1797996e+00   6.7048812e+00   6.4928241e+00   7.3678036e+00   6.7503271e+00   5.9318986e+00   6.2575583e+00   7.1301374e+00   6.9577785e+00   6.9564767e+00   6.8206954e+00   6.0525026e+00   7.7401204e+00   6.1157999e+00   7.2976346e+00   7.3779769e+00   6.8384495e+00   6.8778243e+00   6.7411666e+00   6.7275076e+00   7.5190806e+00   8.2346373e+00   6.9680638e+00   6.8600774e+00   6.8769379e+00   6.5351644e+00   7.6318264e+00   7.9159245e+00   6.6090841e+00   6.8450036e+00   6.9820662e+00   7.2285109e+00   8.2015371e+00   7.0302391e+00   6.9567652e+00   7.9079461e+00   8.2084446e+00   8.0114880e+00   7.2612705e+00   6.4714136e+00   6.6634455e+00   7.8379383e+00   7.3785162e+00   6.3766289e+00   6.5328541e+00   5.7534356e+00   7.3959765e+00   7.1905756e+00   6.9959631e+00   7.2956481e+00   7.4000006e+00   8.0848265e+00   6.8059683e+00
   7.4849916e+00   0.0000000e+00   6.9155087e+00   7.0024629e+00   6.1769552e+00   6.4736443e+00   6.9029856e+00   6.3079085e+00   6.4795742e+00   6.1006818e+00   5.9773331e+00   6.9688349e+00   6.8642826e+00   6.2205310e+00   6.4207335e+00   6.5707617e+00   5.7938385e+00   6.3825049e+00   5.8085732e+00   5.8237810e+00   6.0784998e+00   6.4455414e+00   6.5899706e+00   6.3109884e+00   6.8863568e+00   6.6039224e+00   6.3902040e+00   6.5880694e+00   6.6366100e+00   6.7130489e+00   6.6836128e+00   6.7702727e+00   6.2976742e+00   6.7768564e+00   7.1803484e+00   6.9508181e+00   5.9295340e+00   6.3854127e+00   6.1460276e+00   5.8178029e+00   6.2817678e+00   6.4497318e+00   6.1767516e+00   6.1577358e+00   6.4233265e+00   6.3759823e+00   5.5350633e+00   5.4504728e+00   6.6143579e+00   6.8143291e+00   6.5087333e+00   6.7380972e+00   7.1473041e+00   6.2676349e+00   6.7892103e+00   7.3363271e+00   6.5269203e+00   6.5157132e+00   6.5059080e+00   6.3699279e+00   7.4662962e+00   7.2573938e+00   6.7097645e+00   6.4270225e+00   6.9043741e+00   7.1412992e+00   6.5693593e+00   6.4784856e+00   6.4716120e+00   7.3876419e+00   7.5510664e+00   7.4672089e+00   6.5845242e+00   6.7607198e+00   7.3232989e+00   6.6157031e+00   6.8150234e+00   7.0520010e+00   7.6045713e+00   6.6897750e+00   7.1168599e+00   7.3513846e+00   6.8769941e+00   6.5007095e+00   7.0712228e+00   7.4076586e+00   6.9783988e+00   6.6688576e+00   6.3946176e+00   6.9760838e+00   6.8783922e+00   6.6845269e+00
   5.7181501e+00   6.9155087e+00   0.0000000e+00   6.2933125e+00   6.5373292e+00   4.9052744e+00   5.7024221e+00   5.0811605e+00   7.1083994e+00   6.2646079e+00   5.4192328e+00   6.3174310e+00   6.2280297e+00   6.2383695e+00   6.8013124e+00   6.2970877e+00   6.4922314e+00   6.1105947e+00   6.3467340e+00   6.2217751e+00   6.3086085e+00   6.1067138e+00   6.2663012e+00   6.1246223e+00   7.2545114e+00   6.5633106e+00   6.2680035e+00   7.1660786e+00   5.5605350e+00   6.3394556e+00   6.4988141e+00   5.9783802e+00   5.7471089e+00   5.8538733e+00   7.1723189e+00   6.5290666e+00   6.3033123e+00   5.9594336e+00   6.2956381e+00   5.9121227e+00   5.8825197e+00   5.8903360e+00   6.2730403e+00   6.8401585e+00   5.7050352e+00   6.7291422e+00   6.3472114e+00   6.1838522e+00   6.8902054e+00   6.8586879e+00   6.9585843e+00   6.9936037e+00   6.9402113e+00   7.1202669e+00   8.2455873e+00   7.5919266e+00   6.8663135e+00   7.1026926e+00   6.4902492e+00   7.8358207e+00   7.9594307e+00   6.8667717e+00   6.3332691e+00   7.8590508e+00   7.0133615e+00   7.7463145e+00   7.9218006e+00   7.0274987e+00   7.0968285e+00   7.3099999e+00   7.6612587e+00   8.5470200e+00   6.9262609e+00   7.5450659e+00   8.0432930e+00   8.2226944e+00   7.7696323e+00   6.5925560e+00   7.0438557e+00   6.1232224e+00   8.1743412e+00   7.9991293e+00   5.9842029e+00   7.0884871e+00   6.3976898e+00   8.5050650e+00   8.2571726e+00   7.4934516e+00   6.7253180e+00   8.7679539e+00   7.3568044e+00   7.4813528e+00
   6.9934511e+00   7.0024629e+00   6.2933125e+00   0.0000000e+00   6.3083820e+00   5.0849147e+00   5.4651742e+00   6.3789954e+00   7.8015537e+00   5.5689125e+00   6.0882063e+00   7.0766473e+00   6.7676020e+00   6.5463848e+00   6.5879011e+00   6.5461054e+00   6.3239722e+00   6.5988340e+00   6.3069105e+00   6.4482465e+00   6.5186820e+00   6.2007895e+00   6.7708969e+00   6.4290695e+00   6.1264467e+00   6.3209624e+00   7.0482655e+00   6.5553274e+00   6.4243355e+00   6.5397940e+00   7.4747810e+00   6.3204021e+00   5.7555313e+00   6.1605582e+00   6.9992046e+00   6.7493448e+00   6.4598808e+00   6.2292194e+00   6.1916456e+00   6.2770720e+00   5.5844536e+00   5.7136025e+00   6.4969058e+00   6.7087140e+00   6.6697593e+00   7.3286643e+00   6.6544199e+00   6.3620882e+00   7.7245326e+00   7.5314746e+00   7.9214096e+00   7.9803286e+00   7.6640234e+00   7.1350923e+00   8.6543331e+00   8.0671196e+00   8.4586945e+00   7.1505980e+00   7.2721624e+00   7.9396362e+00   8.6030254e+00   7.9653492e+00   6.8724060e+00   8.2371025e+00   7.7333345e+00   8.4814892e+00   8.0912638e+00   7.5462227e+00   7.6121478e+00   7.8713312e+00   8.5020800e+00   8.4709511e+00   7.1621933e+00   7.5978794e+00   8.6245422e+00   9.0841618e+00   7.5927377e+00   7.7019081e+00   7.4405251e+00   6.6276498e+00   8.4748106e+00   8.4078550e+00   6.6741548e+00   7.2022834e+00   7.2974601e+00   9.0863762e+00   8.0806875e+00   7.4247246e+00   7.1569710e+00   8.0191212e+00   7.4196115e+00   7.6994224e+00
   7.0001140e+00   6.1769552e+00   6.5373292e+00   6.3083820e+00   0.0000000e+00   6.4910650e+00   6.8762956e+00   6.6915760e+00   6.7851806e+00   6.2679391e+00   6.5138707e+00   7.1215487e+00   6.6420345e+00   6.1678624e+00   6.7277136e+00   6.6418581e+00   6.4376245e+00   6.3675699e+00   6.4744658e+00   6.4334812e+00   6.3093143e+00   6.1002121e+00   6.4014087e+00   6.2164087e+00   6.8112688e+00   6.6114960e+00   6.1172085e+00   6.6611791e+00   6.8092141e+00   6.8564134e+00   6.3467407e+00   6.0534272e+00   5.9910669e+00   5.8756137e+00   7.2646427e+00   6.8537040e+00   5.9534011e+00   5.6070495e+00   5.5194097e+00   5.5849042e+00   5.3956470e+00   6.6580920e+00   6.2479892e+00   5.9377804e+00   6.2092118e+00   6.9121928e+00   5.6346984e+00   6.0756836e+00   6.9177809e+00   5.9769359e+00   6.6914477e+00   6.2308764e+00   6.1029072e+00   6.4260902e+00   6.6441269e+00   7.1881857e+00   7.0419340e+00   6.1976357e+00   6.5049925e+00   7.2879133e+00   7.4280944e+00   6.5215745e+00   5.7998862e+00   6.4139977e+00   7.2512336e+00   6.6015363e+00   6.9940977e+00   5.9960694e+00   6.8812189e+00   6.8724384e+00   7.2079391e+00   6.7998886e+00   6.2664833e+00   6.8098192e+00   6.9417162e+00   6.8653326e+00   6.8595815e+00   7.2084751e+00   6.1293554e+00   6.2995491e+00   7.1256461e+00   7.0600090e+00   6.3460813e+00   6.6485429e+00   6.6390810e+00   7.2186112e+00   6.8004560e+00   6.8890681e+00   6.4477825e+00   7.1649241e+00   6.7413731e+00   6.6410184e+00
   6.2094641e+00   6.4736443e+00   4.9052744e+00   5.0849147e+00   6.4910650e+00   0.0000000e+00   4.9454131e+00   6.0899134e+00   7.2619410e+00   5.5517035e+00   5.8094664e+00   6.6932774e+00   6.5084949e+00   5.7521229e+00   6.8901043e+00   5.8864622e+00   6.4824691e+00   5.9174075e+00   6.0397768e+00   5.9757657e+00   5.8361964e+00   6.3022661e+00   6.6380444e+00   6.1306553e+00   6.7233553e+00   6.2169762e+00   5.9111247e+00   6.5962257e+00   5.8225040e+00   6.8207026e+00   6.3360529e+00   5.6039305e+00   5.6195621e+00   6.0167866e+00   7.4392576e+00   6.8163486e+00   6.0461540e+00   5.8908119e+00   6.6119413e+00   5.5938015e+00   5.9023471e+00   5.5939574e+00   6.6629720e+00   7.0558586e+00   6.3521261e+00   6.9550614e+00   6.4175949e+00   5.9123507e+00   7.4072838e+00   6.3234267e+00   7.4496799e+00   7.0002694e+00   7.0645485e+00   7.3415322e+00   8.6578531e+00   7.8066702e+00   6.1386623e+00   6.8958964e+00   6.2174826e+00   7.7553196e+00   8.1443844e+00   7.6534452e+00   6.3698735e+00   7.8174410e+00   7.0266275e+00   7.8889151e+00   7.8492351e+00   6.5894194e+00   6.9038453e+00   7.8004298e+00   7.7194414e+00   8.2302961e+00   6.8132033e+00   7.2902737e+00   7.6290092e+00   7.9885335e+00   7.7273045e+00   7.2624402e+00   7.1258464e+00   5.6003561e+00   7.8519301e+00   8.3228378e+00   6.4654517e+00   7.3958859e+00   7.3356171e+00   8.5047789e+00   8.0461845e+00   7.1372447e+00   6.7758360e+00   7.9586630e+00   7.4112535e+00   7.0951481e+00
   6.1985998e+00   6.9029856e+00   5.7024221e+00   5.4651742e+00   6.8762956e+00   4.9454131e+00   0.0000000e+00   6.1358390e+00   7.3648725e+00   5.5183830e+00   6.0044794e+00   7.3141179e+00   6.4454231e+00   6.0713902e+00   6.4945574e+00   5.8568969e+00   6.2818294e+00   6.3599033e+00   5.6474648e+00   5.8555102e+00   5.9753580e+00   6.4103942e+00   6.0537982e+00   5.9747148e+00   6.3569627e+00   5.7369113e+00   6.1516953e+00   6.4499531e+00   5.6192155e+00   6.2736549e+00   6.5789199e+00   5.8351898e+00   5.7250400e+00   6.6957855e+00   6.3983526e+00   6.2929373e+00   6.2910900e+00   6.5866203e+00   6.3842111e+00   5.9077682e+00   6.2837634e+00   6.0329356e+00   7.5522003e+00   6.7104282e+00   6.6716080e+00   7.1237526e+00   6.2923903e+00   6.3523598e+00   7.1193476e+00   6.9880304e+00   7.6888270e+00   7.7052088e+00   6.7172918e+00   7.1816912e+00   8.5638847e+00   7.9999795e+00   7.0263696e+00   7.0850277e+00   6.4220438e+00   8.0318155e+00   8.2143259e+00   7.3407087e+00   6.9759955e+00   8.2623787e+00   7.4095402e+00   7.9603467e+00   7.7769070e+00   7.1336060e+00   7.0499115e+00   8.4032869e+00   7.7109232e+00   8.3721304e+00   7.5034914e+00   7.1314621e+00   8.5671711e+00   8.5296888e+00   7.7185278e+00   7.4239593e+00   7.0033050e+00   5.8606415e+00   8.0954638e+00   8.1977463e+00   6.0238991e+00   7.4892559e+00   6.8009782e+00   8.4853773e+00   7.8840528e+00   7.3396611e+00   7.2048855e+00   8.2376223e+00   7.5080929e+00   7.6497612e+00
   6.0786190e+00   6.3079085e+00   5.0811605e+00   6.3789954e+00   6.6915760e+00   6.0899134e+00   6.1358390e+00   0.0000000e+00   7.3971462e+00   6.5104032e+00   5.5221453e+00   5.7227516e+00   6.7265520e+00   6.9862070e+00   6.5460877e+00   6.4227514e+00   6.4539289e+00   6.7155542e+00   7.2519064e+00   6.3732352e+00   6.9093447e+00   6.4682674e+00   6.3991938e+00   6.5634437e+00   6.4516444e+00   6.5120158e+00   7.0064611e+00   7.1116967e+00   5.9702930e+00   6.5257487e+00   6.3061838e+00   6.1775684e+00   5.8684931e+00   6.3273673e+00   6.9349174e+00   6.3367987e+00   6.5142441e+00   6.7418308e+00   6.4095130e+00   6.5782552e+00   5.9984069e+00   6.2933426e+00   6.4001975e+00   6.5460067e+00   5.7473583e+00   6.5463805e+00   6.8169432e+00   6.0237494e+00   6.0143213e+00   6.6940584e+00   6.4677835e+00   8.1746311e+00   6.2497797e+00   6.8527136e+00   7.8885274e+00   6.6002908e+00   7.1645474e+00   7.0343628e+00   6.7932558e+00   7.1764307e+00   8.0429249e+00   6.7905717e+00   6.3198652e+00   6.7576699e+00   6.7227664e+00   7.6551385e+00   7.9709311e+00   6.9630361e+00   7.1124196e+00   6.2059774e+00   7.7355480e+00   8.1071110e+00   7.7066717e+00   6.5504880e+00   7.7461824e+00   8.0446072e+00   7.5136852e+00   7.1969976e+00   6.7112284e+00   5.7366023e+00   8.3791656e+00   7.3497515e+00   5.9068198e+00   6.8198671e+00   6.0716772e+00   8.5283365e+00   7.4838376e+00   7.4634991e+00   7.1519203e+00   8.2523994e+00   7.7904425e+00   6.8094044e+00
   6.9438000e+00   6.4795742e+00   7.1083994e+00   7.8015537e+00   6.7851806e+00   7.2619410e+00   7.3648725e+00   7.3971462e+00   0.0000000e+00   7.0499372e+00   7.0053239e+00   8.0765314e+00   6.4233861e+00   6.3722453e+00   5.8511882e+00   7.3440628e+00   7.0832448e+00   6.4804287e+00   5.8154736e+00   6.0965657e+00   6.2464237e+00   6.2187657e+00   6.5344305e+00   6.6094975e+00   7.2997437e+00   7.6986327e+00   5.8650107e+00   6.4003582e+00   7.0013132e+00   7.3705792e+00   6.4873166e+00   6.8499680e+00   6.8505216e+00   6.9104609e+00   7.0868483e+00   6.5584202e+00   6.7837186e+00   6.6265526e+00   6.1034446e+00   6.4769311e+00   6.7243729e+00   6.1115961e+00   6.8489308e+00   6.1764269e+00   6.6963081e+00   6.9939089e+00   5.4256620e+00   6.3434501e+00   7.0288601e+00   6.5060606e+00   6.5985575e+00   6.5218821e+00   6.4786634e+00   6.6645956e+00   6.5908437e+00   6.7061515e+00   7.0340695e+00   6.9808073e+00   6.3995848e+00   7.2294989e+00   7.2743587e+00   6.5523057e+00   6.1295214e+00   5.9450393e+00   6.8141184e+00   6.6597571e+00   6.5667691e+00   6.0002580e+00   6.1120653e+00   6.7931337e+00   7.0676637e+00   7.0251579e+00   6.9349017e+00   6.6381960e+00   6.5393062e+00   6.1013331e+00   6.8878555e+00   6.5313272e+00   7.4405985e+00   6.6740751e+00   6.5928741e+00   6.8535829e+00   6.9026308e+00   6.7629018e+00   6.6400719e+00   6.5424552e+00   6.2762089e+00   7.2712455e+00   5.1985040e+00   6.3884730e+00   6.8376379e+00   7.0077324e+00
   7.0832977e+00   6.1006818e+00   6.2646079e+00   5.5689125e+00   6.2679391e+00   5.5517035e+00   5.5183830e+00   6.5104032e+00   7.0499372e+00   0.0000000e+00   6.1218491e+00   7.6357923e+00   6.2659883e+00   5.8227220e+00   6.5944591e+00   6.1666880e+00   5.6920471e+00   6.3490729e+00   5.4728007e+00   6.3572674e+00   6.2133818e+00   6.0832891e+00   6.3554411e+00   5.8929844e+00   6.1920266e+00   6.3098946e+00   6.3313794e+00   5.6002612e+00   5.7430491e+00   6.3414130e+00   6.1335626e+00   6.5467114e+00   6.3306894e+00   6.6882281e+00   6.8852782e+00   6.3562999e+00   5.9688463e+00   6.2309742e+00   5.8425694e+00   5.4966040e+00   5.6459727e+00   5.7813468e+00   6.5875797e+00   5.9716253e+00   6.0612383e+00   7.4062672e+00   5.5456352e+00   5.9388247e+00   7.2146521e+00   6.5762291e+00   7.4235134e+00   6.6226392e+00   6.5363121e+00   6.6027265e+00   7.7661991e+00   7.9407167e+00   6.5397344e+00   6.9808917e+00   6.5830355e+00   7.2217236e+00   8.3603983e+00   7.0568371e+00   6.3948221e+00   7.4632058e+00   6.8377771e+00   7.5733814e+00   7.0290079e+00   6.9610291e+00   6.5647268e+00   8.0035324e+00   7.8750448e+00   7.9869547e+00   7.1495204e+00   6.8805118e+00   7.8324013e+00   7.1938300e+00   6.9702034e+00   6.8600941e+00   6.7497568e+00   5.9971056e+00   7.5439401e+00   7.5631995e+00   6.7687483e+00   7.0877042e+00   6.6015024e+00   7.9004273e+00   7.2421150e+00   6.6819806e+00   6.3842869e+00   7.3348289e+00   6.6493382e+00   6.6349463e+00
   5.4142294e+00   5.9773331e+00   5.4192328e+00   6.0882063e+00   6.5138707e+00   5.8094664e+00   6.0044794e+00   5.5221453e+00   7.0053239e+00   6.1218491e+00   0.0000000e+00   5.3756332e+00   6.3215785e+00   6.3618135e+00   6.3903570e+00   7.2028322e+00   6.5527620e+00   6.1257205e+00   6.1857600e+00   6.1868234e+00   6.5975757e+00   5.9285216e+00   6.2819157e+00   6.3771009e+00   6.9331875e+00   6.2381725e+00   7.2027159e+00   7.2601585e+00   6.1033068e+00   6.8314738e+00   6.4477868e+00   6.2006702e+00   5.7014475e+00   6.5302086e+00   6.4768357e+00   6.4719324e+00   5.9754901e+00   6.2998867e+00   5.5802507e+00   6.0754261e+00   5.6706862e+00   6.1571846e+00   6.4852858e+00   6.3230505e+00   6.1542487e+00   6.0213590e+00   7.0774436e+00   6.5964212e+00   6.7413573e+00   6.6503005e+00   6.4097104e+00   7.9188175e+00   6.6880956e+00   7.1570497e+00   7.5186110e+00   7.3753834e+00   7.0299778e+00   7.1585193e+00   7.4201689e+00   7.2793818e+00   8.9638844e+00   7.2049394e+00   6.3483667e+00   7.8145790e+00   7.3461027e+00   7.9126611e+00   8.1144619e+00   7.0523028e+00   7.3796253e+00   7.4484768e+00   8.0568819e+00   8.6928291e+00   7.5170755e+00   6.0966644e+00   8.0813074e+00   8.5046854e+00   8.0135365e+00   7.3052988e+00   6.5558925e+00   6.7320471e+00   7.8541594e+00   8.0601482e+00   6.1657038e+00   6.7097044e+00   6.0341959e+00   8.1706257e+00   7.7417960e+00   7.1361260e+00   6.8163137e+00   8.1572704e+00   7.2000594e+00   7.0141120e+00
   5.5237350e+00   6.9688349e+00   6.3174310e+00   7.0766473e+00   7.1215487e+00   6.6932774e+00   7.3141179e+00   5.7227516e+00   8.0765314e+00   7.6357923e+00   5.3756332e+00   0.0000000e+00   7.3667784e+00   7.1953073e+00   7.4430265e+00   7.8794379e+00   7.9810805e+00   7.2769518e+00   7.6229591e+00   6.6678534e+00   7.2839174e+00   6.8217778e+00   6.5568848e+00   7.2664385e+00   7.1799307e+00   7.1301489e+00   7.6598248e+00   8.0813551e+00   5.8383431e+00   6.7950606e+00   6.5664411e+00   6.7540183e+00   6.3469682e+00   5.9317784e+00   6.8270144e+00   7.2299776e+00   6.5703139e+00   7.2793670e+00   6.3547726e+00   7.3979797e+00   6.6147161e+00   7.1982656e+00   7.2757635e+00   6.9058065e+00   6.3963280e+00   5.8798294e+00   7.6210899e+00   7.4389839e+00   6.7956200e+00   7.4270248e+00   6.3114252e+00   8.8446522e+00   6.7476549e+00   7.8550506e+00   7.8635445e+00   7.2216558e+00   7.4654579e+00   6.9814682e+00   8.1656876e+00   7.1071806e+00   8.4537802e+00   7.9823976e+00   7.4085674e+00   7.8618922e+00   6.6092916e+00   8.0862646e+00   8.6510344e+00   7.9499617e+00   8.4691296e+00   6.7979403e+00   7.9472179e+00   8.7706652e+00   7.8175993e+00   7.0154963e+00   8.3970203e+00   8.9952440e+00   8.9416313e+00   7.4834447e+00   6.8399744e+00   7.5793219e+00   8.4432402e+00   7.9842353e+00   7.0964069e+00   6.9392867e+00   6.4021988e+00   7.9455209e+00   7.9710026e+00   7.4511929e+00   7.4854422e+00   8.1860867e+00   7.7289743e+00   7.2627306e+00
   6.7488704e+00   6.8642826e+00   6.2280297e+00   6.7676020e+00   6.6420345e+00   6.5084949e+00   6.4454231e+00   6.7265520e+00   6.4233861e+00   6.2659883e+00   6.3215785e+00   7.3667784e+00   0.0000000e+00   5.5252652e+00   5.0160751e+00   5.5438609e+00   5.7325487e+00   4.8628259e+00   5.4154692e+00   5.3233900e+00   5.6878047e+00   4.7460279e+00   4.7342167e+00   5.4961562e+00   5.9508410e+00   6.4502883e+00   7.0539145e+00   7.0037413e+00   6.2435284e+00   6.7134295e+00   7.1164212e+00   6.3281393e+00   6.4742451e+00   5.9621305e+00   6.5655127e+00   6.8754845e+00   6.3788118e+00   6.1330423e+00   5.5693202e+00   5.4107542e+00   5.9779940e+00   5.9031372e+00   6.4119644e+00   5.1965065e+00   5.7089753e+00   6.0033088e+00   5.8571568e+00   5.3845205e+00   7.2846599e+00   6.9908829e+00   6.8262997e+00   7.5312805e+00   7.2906494e+00   7.6761618e+00   7.4596944e+00   8.0843239e+00   7.9945531e+00   6.7891140e+00   7.5529628e+00   8.1002188e+00   8.4139824e+00   8.3304052e+00   7.5072384e+00   8.0939074e+00   7.5045977e+00   8.3777075e+00   8.3368883e+00   7.1984873e+00   7.3854237e+00   7.4091368e+00   7.4695282e+00   8.3554935e+00   7.3793182e+00   7.6569972e+00   8.4219637e+00   7.7050223e+00   7.9677930e+00   7.2411222e+00   7.0696239e+00   7.1749730e+00   8.2931042e+00   7.7273412e+00   7.2048326e+00   7.3445144e+00   7.2004423e+00   8.1169128e+00   8.0845566e+00   8.1153326e+00   6.8598385e+00   7.8090701e+00   7.2489233e+00   8.0555296e+00
   6.5865860e+00   6.2205310e+00   6.2383695e+00   6.5463848e+00   6.1678624e+00   5.7521229e+00   6.0713902e+00   6.9862070e+00   6.3722453e+00   5.8227220e+00   6.3618135e+00   7.1953073e+00   5.5252652e+00   0.0000000e+00   5.4751301e+00   4.7539802e+00   5.4868045e+00   5.1759243e+00   4.9125419e+00   4.8104353e+00   5.0835047e+00   5.5005856e+00   5.9036078e+00   4.8595057e+00   6.4590287e+00   6.7529225e+00   6.3359747e+00   6.9020553e+00   5.8550911e+00   7.7358894e+00   6.6452646e+00   5.6000032e+00   6.4214263e+00   6.4905386e+00   6.6138968e+00   6.5605364e+00   5.7805071e+00   5.7427340e+00   5.7092962e+00   5.1326261e+00   5.5950298e+00   5.3696918e+00   5.7027197e+00   5.4151311e+00   6.4905252e+00   6.8637466e+00   5.0890880e+00   4.6827240e+00   7.3433399e+00   6.4352822e+00   6.6457787e+00   6.7297840e+00   7.1904969e+00   7.4801722e+00   7.6812754e+00   7.9720430e+00   6.5373039e+00   7.6641974e+00   6.6051273e+00   7.6195025e+00   8.4756403e+00   7.3206697e+00   7.1317282e+00   6.9046583e+00   8.0554276e+00   7.4863091e+00   7.6839499e+00   6.3990941e+00   7.1823440e+00   8.2237358e+00   7.7686362e+00   8.3936348e+00   7.0818043e+00   7.4770141e+00   8.2003517e+00   7.0723248e+00   7.7593765e+00   7.2369232e+00   7.3551984e+00   6.8039370e+00   7.8312678e+00   7.6651192e+00   7.5805902e+00   7.1486487e+00   7.3388357e+00   8.2298241e+00   7.8216257e+00   7.3245239e+00   6.4878836e+00   7.2321186e+00   6.9441910e+00   7.0915003e+00
   7.1584682e+00   6.4207335e+00   6.8013124e+00   6.5879011e+00   6.7277136e+00   6.8901043e+00   6.4945574e+00   6.5460877e+00   5.8511882e+00   6.5944591e+00   6.3903570e+00   7.4430265e+00   5.0160751e+00   5.4751301e+00   0.0000000e+00   6.0004630e+00   5.8012295e+00   5.4039783e+00   5.3543158e+00   5.3528318e+00   5.3181553e+00   5.4797649e+00   5.6466622e+00   5.9574666e+00   6.4535804e+00   6.8071938e+00   7.2860880e+00   7.0231290e+00   6.7340384e+00   7.0659971e+00   7.0403528e+00   6.1660175e+00   6.1680822e+00   6.4695458e+00   7.0560298e+00   6.7802987e+00   6.4211164e+00   6.0144672e+00   5.5827327e+00   5.4868917e+00   5.8455582e+00   5.4468870e+00   6.6165762e+00   5.8145609e+00   6.0251060e+00   6.4875598e+00   5.7189884e+00   5.5165739e+00   7.4875731e+00   6.8614912e+00   7.2739644e+00   7.7296858e+00   7.3547907e+00   7.5426373e+00   7.8108759e+00   7.9516625e+00   7.4510136e+00   7.1885996e+00   7.3632488e+00   7.5795236e+00   8.9278765e+00   7.3335538e+00   7.4282780e+00   7.7544746e+00   7.4430552e+00   8.3725977e+00   7.9950581e+00   7.3783178e+00   7.6051559e+00   7.3321295e+00   7.7431827e+00   7.8124723e+00   7.8913584e+00   6.4370184e+00   8.3572741e+00   7.3504014e+00   7.7451077e+00   7.4109755e+00   7.4300351e+00   7.2750998e+00   8.0832672e+00   7.4015479e+00   7.5789723e+00   7.2849679e+00   7.6901426e+00   8.0131016e+00   7.7752447e+00   8.1207762e+00   6.4801049e+00   7.5626149e+00   6.7813249e+00   7.6027875e+00
   7.1789789e+00   6.5707617e+00   6.2970877e+00   6.5461054e+00   6.6418581e+00   5.8864622e+00   5.8568969e+00   6.4227514e+00   7.3440628e+00   6.1666880e+00   7.2028322e+00   7.8794379e+00   5.5438609e+00   4.7539802e+00   6.0004630e+00   0.0000000e+00   5.2387128e+00   5.2835865e+00   5.5261526e+00   5.6170025e+00   5.2760143e+00   6.0562320e+00   5.6701035e+00   5.2051640e+00   6.4615593e+00   6.7601142e+00   6.5934811e+00   7.3225780e+00   6.5251245e+00   7.8300090e+00   7.0365648e+00   5.9174747e+00   6.5525250e+00   7.0027771e+00   6.1693625e+00   6.9662328e+00   6.1123109e+00   6.1225224e+00   6.5197344e+00   5.4759259e+00   6.3129382e+00   5.8180728e+00   6.0703135e+00   6.0061750e+00   6.7143440e+00   6.7749062e+00   5.6080675e+00   4.8806224e+00   7.7233667e+00   6.9652810e+00   7.0097075e+00   7.2529449e+00   7.9007893e+00   7.7055292e+00   8.4029226e+00   8.5842037e+00   6.3702183e+00   7.3685455e+00   7.0833392e+00   7.5922785e+00   7.8188782e+00   7.1750126e+00   7.8876834e+00   7.7296610e+00   7.6732273e+00   8.0744505e+00   7.9895344e+00   7.2109475e+00   7.0330224e+00   7.8247285e+00   7.6354880e+00   7.8197885e+00   7.8823910e+00   7.5776377e+00   8.0172329e+00   7.2996469e+00   7.2914386e+00   7.5565996e+00   7.6517677e+00   6.5082707e+00   7.7224407e+00   7.7059040e+00   7.7378311e+00   7.5621829e+00   7.8647394e+00   8.5267200e+00   8.0177555e+00   8.3025732e+00   7.0150280e+00   7.2477722e+00   7.2755237e+00   6.9714265e+00
   7.5595007e+00   5.7938385e+00   6.4922314e+00   6.3239722e+00   6.4376245e+00   6.4824691e+00   6.2818294e+00   6.4539289e+00   7.0832448e+00   5.6920471e+00   6.5527620e+00   7.9810805e+00   5.7325487e+00   5.4868045e+00   5.8012295e+00   5.2387128e+00   0.0000000e+00   5.8804932e+00   5.4667416e+00   5.9593906e+00   5.6990485e+00   6.0096712e+00   5.2409334e+00   5.5317688e+00   6.7240987e+00   6.3469820e+00   6.5985417e+00   6.7713532e+00   6.8278508e+00   6.8419099e+00   7.1288600e+00   6.4027400e+00   6.5840211e+00   6.5852342e+00   7.1295781e+00   6.6880150e+00   5.8403592e+00   6.2462702e+00   6.1197309e+00   5.4129057e+00   5.6364608e+00   5.7594261e+00   6.4192801e+00   6.1920519e+00   5.6337128e+00   7.0408463e+00   5.4421434e+00   5.1489248e+00   7.6426349e+00   6.9652233e+00   7.5266552e+00   6.9395742e+00   7.8101988e+00   7.0082793e+00   7.5928631e+00   8.1494312e+00   6.6964970e+00   6.7985415e+00   7.0459108e+00   7.6279583e+00   8.2857399e+00   7.4081182e+00   7.1006088e+00   7.7967558e+00   7.9140253e+00   8.4886875e+00   7.5336471e+00   7.1281796e+00   6.8069563e+00   8.2866745e+00   7.7695365e+00   8.0601702e+00   7.3978381e+00   6.9363699e+00   8.4935341e+00   7.0568137e+00   6.9749951e+00   7.7558956e+00   7.0550842e+00   7.1009340e+00   8.3309412e+00   8.3160925e+00   7.2119474e+00   7.9572759e+00   7.6561527e+00   8.2678871e+00   7.8751726e+00   7.7772274e+00   6.6881051e+00   7.1405368e+00   7.3090506e+00   6.9252543e+00
   6.7357507e+00   6.3825049e+00   6.1105947e+00   6.5988340e+00   6.3675699e+00   5.9174075e+00   6.3599033e+00   6.7155542e+00   6.4804287e+00   6.3490729e+00   6.1257205e+00   7.2769518e+00   4.8628259e+00   5.1759243e+00   5.4039783e+00   5.2835865e+00   5.8804932e+00   0.0000000e+00   5.3975186e+00   4.9203758e+00   5.1819596e+00   5.4758954e+00   5.5653868e+00   5.4039249e+00   7.2107286e+00   6.9271469e+00   6.7048573e+00   6.7920389e+00   6.2486477e+00   7.1841125e+00   7.0875602e+00   6.3563538e+00   6.4112377e+00   6.3875079e+00   6.7848063e+00   7.0737514e+00   6.3459616e+00   6.1720729e+00   5.8666868e+00   5.1068678e+00   5.8085375e+00   5.2131028e+00   6.1335206e+00   5.5365601e+00   6.3317327e+00   6.0352449e+00   5.6034465e+00   5.5559955e+00   7.0870466e+00   7.1132512e+00   6.4404640e+00   7.0899076e+00   7.2975321e+00   7.1977386e+00   8.0546436e+00   7.9439125e+00   7.6064978e+00   7.1647739e+00   7.4105616e+00   7.7483926e+00   8.4648113e+00   7.6474495e+00   7.4796128e+00   7.8267717e+00   7.2472491e+00   7.4234028e+00   7.7989669e+00   7.4346390e+00   7.6926417e+00   7.7627954e+00   7.3365574e+00   8.6334467e+00   7.5411158e+00   7.3885455e+00   7.6964183e+00   7.5164213e+00   7.9317245e+00   7.2950125e+00   7.1197357e+00   7.2184801e+00   7.8661799e+00   7.4734583e+00   7.0915136e+00   7.1444964e+00   7.1887555e+00   8.2617378e+00   7.7019243e+00   7.7601662e+00   7.2626586e+00   7.8093553e+00   7.0667295e+00   7.3553133e+00
   6.9847050e+00   5.8085732e+00   6.3467340e+00   6.3069105e+00   6.4744658e+00   6.0397768e+00   5.6474648e+00   7.2519064e+00   5.8154736e+00   5.4728007e+00   6.1857600e+00   7.6229591e+00   5.4154692e+00   4.9125419e+00   5.3543158e+00   5.5261526e+00   5.4667416e+00   5.3975186e+00   0.0000000e+00   4.7618160e+00   4.7757072e+00   5.7655730e+00   5.2258496e+00   5.2150130e+00   5.9740648e+00   6.4385099e+00   5.8545461e+00   6.1749496e+00   6.1312809e+00   7.1327510e+00   7.1388216e+00   5.8245354e+00   6.3746486e+00   6.7042389e+00   6.3534384e+00   6.9010091e+00   5.4042063e+00   5.9578929e+00   5.6339679e+00   4.9674845e+00   5.2190671e+00   5.1247759e+00   6.5111551e+00   5.5265379e+00   6.0387468e+00   6.0103307e+00   4.7910690e+00   5.0429173e+00   7.5063181e+00   6.5634708e+00   7.1601176e+00   6.7855220e+00   7.6941586e+00   7.0131626e+00   7.8753867e+00   8.2345009e+00   7.0913515e+00   7.0360713e+00   6.7934008e+00   7.9889374e+00   8.1135826e+00   7.2831259e+00   6.9656305e+00   7.8642516e+00   7.2659168e+00   7.7283936e+00   7.0943518e+00   6.7277951e+00   6.6648293e+00   8.3406649e+00   7.5025587e+00   8.2220116e+00   6.9839497e+00   6.4936118e+00   8.4498186e+00   7.1170130e+00   7.1801567e+00   7.3108702e+00   7.1761971e+00   7.0460525e+00   7.0991726e+00   8.3957195e+00   7.4675250e+00   7.1778164e+00   7.2421932e+00   7.9492493e+00   7.4503384e+00   7.4803286e+00   5.9029908e+00   7.0599670e+00   6.9119415e+00   7.2149653e+00
   6.6192007e+00   5.8237810e+00   6.2217751e+00   6.4482465e+00   6.4334812e+00   5.9757657e+00   5.8555102e+00   6.3732352e+00   6.0965657e+00   6.3572674e+00   6.1868234e+00   6.6678534e+00   5.3233900e+00   4.8104353e+00   5.3528318e+00   5.6170025e+00   5.9593906e+00   4.9203758e+00   4.7618160e+00   0.0000000e+00   4.7840219e+00   5.6456833e+00   5.0028853e+00   5.3896332e+00   6.6280789e+00   6.3202105e+00   6.2061739e+00   6.2496305e+00   5.6433907e+00   6.8902330e+00   6.4893503e+00   5.9165049e+00   6.4805079e+00   5.9608016e+00   6.7000012e+00   6.9345818e+00   5.2470279e+00   6.3130445e+00   5.1442957e+00   4.9164352e+00   5.9689131e+00   5.4973087e+00   6.2546520e+00   5.2437782e+00   5.8967071e+00   5.7973719e+00   5.2957158e+00   4.5908518e+00   7.2855296e+00   6.9664531e+00   6.3303833e+00   7.3367338e+00   7.0561395e+00   6.8813505e+00   7.2285986e+00   7.9328189e+00   7.1810546e+00   7.0610418e+00   7.3946447e+00   7.7552080e+00   8.4729118e+00   7.1098685e+00   7.6924610e+00   7.7043543e+00   6.7436666e+00   7.4399018e+00   7.7363806e+00   7.0814991e+00   7.4107332e+00   7.5993490e+00   7.5801344e+00   8.1971531e+00   7.6574402e+00   7.2246833e+00   7.9578581e+00   7.2454252e+00   7.7471642e+00   7.2745266e+00   7.6455088e+00   7.2900310e+00   7.5304933e+00   7.8410783e+00   7.6277971e+00   7.1655073e+00   7.5171866e+00   8.2891445e+00   7.4063201e+00   8.2164698e+00   6.9842482e+00   7.5089846e+00   6.9309812e+00   6.9846711e+00
   6.9254770e+00   6.0784998e+00   6.3086085e+00   6.5186820e+00   6.3093143e+00   5.8361964e+00   5.9753580e+00   6.9093447e+00   6.2464237e+00   6.2133818e+00   6.5975757e+00   7.2839174e+00   5.6878047e+00   5.0835047e+00   5.3181553e+00   5.2760143e+00   5.6990485e+00   5.1819596e+00   4.7757072e+00   4.7840219e+00   0.0000000e+00   5.5805893e+00   5.8321605e+00   5.2079806e+00   6.8992877e+00   6.8502550e+00   6.4230638e+00   6.4696403e+00   5.8801999e+00   7.0335412e+00   6.7512808e+00   5.9051657e+00   6.6810350e+00   6.7572613e+00   6.8107839e+00   7.0567913e+00   5.7904487e+00   6.5239944e+00   5.6047974e+00   4.9521880e+00   5.9518065e+00   5.3884091e+00   5.9763508e+00   5.7244968e+00   6.4331665e+00   6.0614910e+00   5.2559214e+00   5.2070885e+00   7.1276608e+00   7.0884848e+00   6.8282762e+00   6.9221878e+00   7.5029035e+00   7.1135073e+00   8.2542067e+00   8.0281677e+00   6.7629166e+00   7.0703988e+00   7.2176905e+00   7.9430742e+00   7.7914524e+00   7.1772237e+00   7.5423589e+00   7.3287568e+00   7.5831242e+00   7.6115441e+00   7.3514781e+00   6.5644860e+00   7.1624594e+00   7.5076008e+00   7.6764064e+00   7.5919967e+00   6.7023067e+00   6.8534956e+00   7.9611197e+00   6.9804769e+00   7.1072183e+00   7.1057463e+00   7.4352770e+00   7.2603178e+00   7.2432914e+00   7.7682409e+00   7.4307618e+00   7.5315523e+00   7.4975257e+00   7.7728944e+00   7.4568934e+00   8.3078051e+00   6.6990438e+00   7.1133666e+00   7.0383739e+00   6.7872353e+00
   6.4557085e+00   6.4455414e+00   6.1067138e+00   6.2007895e+00   6.1002121e+00   6.3022661e+00   6.4103942e+00   6.4682674e+00   6.2187657e+00   6.0832891e+00   5.9285216e+00   6.8217778e+00   4.7460279e+00   5.5005856e+00   5.4797649e+00   6.0562320e+00   6.0096712e+00   5.4758954e+00   5.7655730e+00   5.6456833e+00   5.5805893e+00   0.0000000e+00   4.9665542e+00   5.7059264e+00   5.6819997e+00   6.7259650e+00   7.0770950e+00   6.5921831e+00   5.7008743e+00   6.4958038e+00   6.9417257e+00   6.1937943e+00   6.4126019e+00   5.5307264e+00   6.9057646e+00   5.8807487e+00   5.8111520e+00   6.4173250e+00   5.4237795e+00   5.5587854e+00   5.6909404e+00   5.6402574e+00   5.9831285e+00   4.8305540e+00   5.9597144e+00   6.1866131e+00   6.0984659e+00   5.7387161e+00   7.3410711e+00   7.1194935e+00   6.5755205e+00   7.5147810e+00   6.8742104e+00   7.3561654e+00   7.8044434e+00   7.8786879e+00   7.6093545e+00   6.7306190e+00   6.8602872e+00   7.5350313e+00   9.2692347e+00   7.8342857e+00   7.3157887e+00   7.5882201e+00   7.2566061e+00   8.5448017e+00   7.8540535e+00   7.0585561e+00   7.3004556e+00   7.7350998e+00   8.0392542e+00   8.0657310e+00   7.5968370e+00   7.3160577e+00   8.3872299e+00   7.7620106e+00   7.7589369e+00   6.8000855e+00   7.0184574e+00   6.8481679e+00   8.3556366e+00   7.6851363e+00   6.7891817e+00   7.3342552e+00   6.5877666e+00   8.2605095e+00   8.0814219e+00   8.2853546e+00   6.8224592e+00   7.7601128e+00   7.7567625e+00   8.0701160e+00
   6.2898946e+00   6.5899706e+00   6.2663012e+00   6.7708969e+00   6.4014087e+00   6.6380444e+00   6.0537982e+00   6.3991938e+00   6.5344305e+00   6.3554411e+00   6.2819157e+00   6.5568848e+00   4.7342167e+00   5.9036078e+00   5.6466622e+00   5.6701035e+00   5.2409334e+00   5.5653868e+00   5.2258496e+00   5.0028853e+00   5.8321605e+00   4.9665542e+00   0.0000000e+00   5.5412235e+00   6.3816938e+00   5.8776569e+00   7.0330548e+00   7.1555271e+00   5.7537723e+00   5.9025364e+00   7.0676098e+00   6.7254620e+00   6.2089715e+00   5.6576538e+00   6.1827836e+00   6.2584534e+00   5.5891056e+00   6.5736642e+00   5.2649002e+00   5.4480824e+00   5.2511940e+00   6.0925498e+00   6.3054333e+00   5.4391541e+00   4.9960880e+00   6.0033717e+00   5.9097581e+00   5.0476151e+00   7.4511380e+00   6.9518690e+00   6.6434836e+00   7.9929371e+00   7.4353395e+00   7.3013186e+00   7.2755241e+00   8.3060255e+00   7.4765291e+00   6.6694317e+00   7.3359571e+00   8.1594753e+00   8.8114929e+00   7.8963394e+00   7.4312243e+00   7.7984676e+00   7.1707878e+00   8.3046227e+00   8.4039583e+00   7.4433126e+00   7.2188196e+00   7.9469395e+00   7.6806521e+00   7.9531345e+00   7.6914396e+00   6.9731073e+00   8.9121990e+00   7.6172743e+00   7.9641552e+00   7.5325880e+00   6.7983289e+00   7.6429529e+00   8.4115801e+00   7.8866553e+00   7.3848987e+00   7.5182724e+00   7.1681867e+00   8.2689447e+00   7.8899665e+00   8.3162346e+00   6.8168507e+00   7.7192650e+00   7.4869666e+00   7.4742694e+00
   7.0793357e+00   6.3109884e+00   6.1246223e+00   6.4290695e+00   6.2164087e+00   6.1306553e+00   5.9747148e+00   6.5634437e+00   6.6094975e+00   5.8929844e+00   6.3771009e+00   7.2664385e+00   5.4961562e+00   4.8595057e+00   5.9574666e+00   5.2051640e+00   5.5317688e+00   5.4039249e+00   5.2150130e+00   5.3896332e+00   5.2079806e+00   5.7059264e+00   5.5412235e+00   0.0000000e+00   6.5255647e+00   6.5732293e+00   6.2929840e+00   6.6999202e+00   6.0594506e+00   7.0244584e+00   6.5604801e+00   6.0179105e+00   5.9783344e+00   6.3220639e+00   6.4063864e+00   6.9747329e+00   5.6811643e+00   6.1214828e+00   5.5674887e+00   5.0412788e+00   5.7213593e+00   5.4396162e+00   6.2894959e+00   5.6637712e+00   5.9141159e+00   6.3716917e+00   5.4440818e+00   4.8979931e+00   7.1719780e+00   6.4478407e+00   6.4705138e+00   7.2593637e+00   7.2415805e+00   7.0564156e+00   7.2496786e+00   8.0580397e+00   6.6582222e+00   6.8145337e+00   6.9475670e+00   6.9502878e+00   8.2335739e+00   6.3631167e+00   6.7151031e+00   7.2109747e+00   6.9479456e+00   7.5198479e+00   7.3015699e+00   6.7833872e+00   7.0429330e+00   7.7805338e+00   7.1712003e+00   8.0157928e+00   7.3130460e+00   6.8506794e+00   7.9535689e+00   7.3766003e+00   7.3445935e+00   7.4888349e+00   6.9606075e+00   6.9539437e+00   7.4225111e+00   8.0470772e+00   6.2882223e+00   6.9519939e+00   6.9523621e+00   7.8955088e+00   7.8893237e+00   7.5635109e+00   6.8357296e+00   7.2845764e+00   6.7163677e+00   6.9071593e+00
   6.7933869e+00   6.8863568e+00   7.2545114e+00   6.1264467e+00   6.8112688e+00   6.7233553e+00   6.3569627e+00   6.4516444e+00   7.2997437e+00   6.1920266e+00   6.9331875e+00   7.1799307e+00   5.9508410e+00   6.4590287e+00   6.4535804e+00   6.4615593e+00   6.7240987e+00   7.2107286e+00   5.9740648e+00   6.6280789e+00   6.8992877e+00   5.6819997e+00   6.3816938e+00   6.5255647e+00   0.0000000e+00   6.2137728e+00   6.4343414e+00   6.5177956e+00   6.2948437e+00   6.8521643e+00   6.1635833e+00   6.6283665e+00   5.9492750e+00   6.8318081e+00   6.4663062e+00   6.1747065e+00   5.9910665e+00   6.7808471e+00   6.5558319e+00   6.1612949e+00   6.2527542e+00   6.0551901e+00   6.8380518e+00   6.4001994e+00   5.9997349e+00   6.6365051e+00   5.9985700e+00   6.0485754e+00   7.2624969e+00   6.1846533e+00   7.0956316e+00   7.7555976e+00   6.6875629e+00   7.4527731e+00   7.2085752e+00   7.5519094e+00   7.2247972e+00   6.5165081e+00   6.7744141e+00   7.2361460e+00   7.9212484e+00   7.3353882e+00   7.1630077e+00   7.2735009e+00   6.3084440e+00   7.5425415e+00   6.9762707e+00   7.0387006e+00   6.2474499e+00   7.6436677e+00   7.6799011e+00   7.3314400e+00   7.7933302e+00   6.6927371e+00   8.0176582e+00   6.9538522e+00   7.1839881e+00   6.8840146e+00   6.3951912e+00   6.1541238e+00   7.7189255e+00   7.0230670e+00   6.4949121e+00   6.9414086e+00   6.7336378e+00   7.9470625e+00   7.3460269e+00   6.6357446e+00   6.4434271e+00   6.7643156e+00   6.8640614e+00   6.8858318e+00
   6.5127716e+00   6.6039224e+00   6.5633106e+00   6.3209624e+00   6.6114960e+00   6.2169762e+00   5.7369113e+00   6.5120158e+00   7.6986327e+00   6.3098946e+00   6.2381725e+00   7.1301489e+00   6.4502883e+00   6.7529225e+00   6.8071938e+00   6.7601142e+00   6.3469820e+00   6.9271469e+00   6.4385099e+00   6.3202105e+00   6.8502550e+00   6.7259650e+00   5.8776569e+00   6.5732293e+00   6.2137728e+00   0.0000000e+00   6.7619319e+00   7.0412111e+00   6.2543693e+00   6.0720325e+00   6.2573304e+00   6.1697946e+00   5.4921141e+00   6.0517526e+00   6.3854489e+00   5.9901896e+00   6.1244745e+00   6.6480508e+00   6.5269556e+00   6.2827907e+00   6.6343288e+00   6.8246746e+00   6.8356261e+00   6.7251844e+00   6.1509256e+00   6.4380498e+00   6.8644247e+00   6.7530098e+00   7.4044890e+00   6.5940742e+00   6.8745122e+00   7.8145199e+00   6.8782291e+00   7.3225908e+00   6.9847088e+00   7.4674444e+00   6.9368267e+00   6.8365574e+00   7.1204963e+00   7.7392664e+00   8.2097378e+00   7.2713723e+00   6.6218109e+00   7.7038064e+00   7.3016162e+00   7.7567558e+00   7.2903628e+00   7.5937710e+00   7.4771433e+00   7.9009027e+00   7.8136392e+00   7.5183682e+00   7.6404605e+00   6.5265522e+00   8.3333683e+00   7.4606667e+00   7.6050730e+00   7.7184296e+00   6.5113792e+00   6.5427866e+00   8.3016157e+00   8.1696987e+00   6.8931479e+00   6.3390846e+00   7.2977500e+00   7.6750736e+00   7.6623259e+00   7.5041618e+00   6.9559898e+00   7.5004120e+00   7.4295225e+00   7.4887366e+00
   6.5580792e+00   6.3902040e+00   6.2680035e+00   7.0482655e+00   6.1172085e+00   5.9111247e+00   6.1516953e+00   7.0064611e+00   5.8650107e+00   6.3313794e+00   7.2027159e+00   7.6598248e+00   7.0539145e+00   6.3359747e+00   7.2860880e+00   6.5934811e+00   6.5985417e+00   6.7048573e+00   5.8545461e+00   6.2061739e+00   6.4230638e+00   7.0770950e+00   7.0330548e+00   6.2929840e+00   6.4343414e+00   6.7619319e+00   0.0000000e+00   5.9373803e+00   6.3810668e+00   6.7160387e+00   6.3099432e+00   6.2039146e+00   6.2643070e+00   6.5699182e+00   6.9501743e+00   6.7512918e+00   5.8350611e+00   5.9486136e+00   6.8033214e+00   5.9411221e+00   6.2916479e+00   5.4578023e+00   6.7602539e+00   6.6591311e+00   6.3138409e+00   6.6620932e+00   5.4085507e+00   6.1175909e+00   6.4448485e+00   5.6732960e+00   7.0143619e+00   5.5631256e+00   6.3896804e+00   6.1963167e+00   6.8007584e+00   7.1075373e+00   5.9497223e+00   6.2294064e+00   5.7280579e+00   6.8090510e+00   6.4345136e+00   5.9991207e+00   5.8440385e+00   5.8522463e+00   6.5007033e+00   6.5509858e+00   6.3912287e+00   5.7254333e+00   5.2853880e+00   7.2173848e+00   6.5985346e+00   6.8468242e+00   5.5384932e+00   6.3990545e+00   6.8313084e+00   5.8363476e+00   6.2898483e+00   6.3223438e+00   6.1579156e+00   5.6740952e+00   6.1781254e+00   7.0354352e+00   6.1721139e+00   6.8008122e+00   6.4380794e+00   7.0615139e+00   6.5804162e+00   6.3218417e+00   5.4279661e+00   6.6575623e+00   6.6519437e+00   6.1837120e+00
